# Position (bp)	A	C	G	T	N
0.0	0.0	0.0	0.0	0.0	100.0
1.0	0.0	0.0	0.0	0.0	100.0
2.0	0.0	0.0	0.0	0.0	100.0
3.0	30.94447797223899	18.74874270770469	17.793200563266947	32.51357875678938	0.0
4.0	31.698853349426674	18.75377187688594	18.929792798229734	30.617581975457654	0.0
5.0	31.527861597264135	17.858579762623215	19.729430698048684	30.884127942063973	0.0
6.0	31.36189901428284	19.3874471937236	18.497284248642124	30.75336954335144	0.0
7.0	31.905049285857977	18.321263327298333	18.120096560048278	31.653590826795412	0.0
8.0	30.979682156507742	18.11003822168578	19.44276805471736	31.46751156708912	0.0
9.0	30.76342788171394	19.467913900623618	18.457050895192115	31.31160732247033	0.0
10.0	31.462482397907866	18.602896801448402	18.763830215248444	31.17079058539529	0.0
11.0	31.155703077851538	19.070609535304765	19.67913900623617	30.09454838060752	0.0
12.0	30.67793200563267	19.20639710319855	18.55763427881714	31.558036612351643	0.0
13.0	30.768457050895194	18.72862603097968	18.77388855361094	31.729028364514182	0.0
14.0	31.387044860189096	18.477167571917118	18.96499698249849	31.17079058539529	0.0
15.0	31.43733655200161	18.794005230335948	18.130154898410783	31.638503319251658	0.0
16.0	31.598269965801652	18.71856769261718	18.467109233554616	31.216053108026554	0.0
17.0	31.16073224703279	19.12090122711728	19.342184671092337	30.376181854757593	0.0
18.0	30.632669483001408	19.457855562261113	18.401730034198348	31.50774492053913	0.0
19.0	31.789378394689198	18.572721786360894	18.125125729229534	31.51277408972038	0.0
20.0	31.35184067592034	18.59786763226715	19.226513779923557	30.823777911888957	0.0
21.0	30.75336954335144	19.44779722389861	18.537517602092134	31.261315630657815	0.0
22.0	31.663649165157914	18.929792798229734	18.225709112854556	31.180848923757797	0.0
23.0	31.829611748139207	18.457050895192115	19.125930396298532	30.587406960370146	0.0
24.0	30.84892375779521	19.08066787366727	18.467109233554616	31.603299134982898	0.0
25.0	31.46751156708912	18.51237175618588	18.552605109635888	31.46751156708912	0.0
26.0	32.071011868839264	18.934821967410983	19.08066787366727	29.91349829008248	0.0
27.0	30.567290283645143	18.44699255682961	17.6020921343794	30.24542345604506	3.1382015691007847
28.0	29.968819151076243	17.23999195332931	17.405954536310603	28.71655602494468	6.668678334339168
29.0	28.319251659625834	16.420237376785355	16.948300140816738	27.816334741500704	10.495876081271375
30.0	27.570093457943923	16.905503634475597	15.794392523364486	27.80373831775701	11.926272066458983
31.0	26.727017997629055	16.55889643280526	15.761396702230842	27.626899450371806	13.325789416963035
32.0	26.45389672416699	15.856605045794234	16.5758273866382	26.695510479294267	14.418160364106312
33.0	26.227671991982547	16.10564169073867	15.3864292872723	26.994045864528683	15.286211165477805
34.0	26.621075536213862	15.561081753186198	15.045073049424932	26.751631955237798	16.021137705937207
35.0	26.7809073599895	14.962904602455518	15.71794366752019	25.67132821219881	16.86691615783599
36.0	26.29784272790536	14.65553235908142	14.439805149617257	26.29784272790536	18.308977035490607
37.0	25.910571513177377	14.702398578620077	15.205803968018952	25.214687592537754	18.96653834764584
38.0	25.91217817090507	14.168377823408623	15.029221292054967	25.375138208813773	19.515084504817565
39.0	26.066956299514437	15.256836187068746	13.825709174546382	25.42806031178124	19.42243802708919
40.0	26.438881783299834	14.105609355015531	14.288324502101224	25.954686643522752	19.21249771606066
41.0	25.72858404474536	14.630556373270535	14.345991561181433	25.65989598665489	19.634972034147776
42.0	25.531240088804314	14.462416745956233	14.93815413891532	24.96035521725341	20.107833809070726
43.0	24.787967884202196	14.38425873572317	14.440800633269252	25.342078480153795	21.04489426665159
44.0	25.213675213675213	13.797313797313798	15.494505494505495	24.383394383394382	21.11111111111111
45.0	25.737726611089055	15.230911737461955	13.867937012041814	24.586476114860396	20.57694852454678
46.0	25.40819249498711	13.763964480091664	14.938413062159839	25.680320824978516	20.20910913778287
47.0	25.274725274725274	14.65717381210339	15.740597430738276	24.113914254759326	20.213589227673733
48.0	25.4915028323892	14.12862379206931	13.92869043652116	25.59146951016328	20.859713428857045
49.0	25.740441572428647	14.180577993178964	14.16262789445342	24.914737031053672	21.001615508885298
50.0	25.897187196896216	13.38506304558681	14.801163918525702	24.69447138700291	21.22211445198836
51.0	24.48421052631579	15.242105263157896	13.873684210526315	24.947368421052634	21.45263157894737
52.0	25.607816405362417	14.473983185639627	13.36059986366735	24.312656214496705	22.244944330833903
53.0	25.018468357547402	13.789706968726914	15.267175572519085	23.811868997783797	22.112780103422804
54.0	25.70356472795497	13.964084695792012	13.481640310908604	24.711873492361295	22.138836772983115
55.0	26.03740502630041	14.026884862653418	14.669783752191702	23.20280537697253	22.06312098188194
56.0	24.881441669301296	15.080619664875119	15.491621877963958	22.573506165033198	21.97281062282643
57.0	25.266781411359723	14.388984509466438	13.907056798623064	24.30292598967298	22.134251290877796
58.0	26.09673790776153	14.698162729658792	12.860892388451445	24.446944131983503	21.897262842144734
59.0	24.432739059967584	14.384116693679092	14.627228525121556	24.473257698541328	22.08265802269044
60.0	25.243147656940764	14.854111405835543	13.351016799292662	24.2263483642794	22.325375773651636
61.0	25.588094095055208	14.834373499759963	14.066250600096014	24.243879020643302	21.267402784445512
62.0	26.521060842433698	13.832553302132085	14.768590743629744	23.868954758190327	21.008840353614143
63.0	24.701195219123505	15.822424587364825	14.741035856573706	23.4490608992601	21.28628343767786
64.0	25.670731707317074	13.414634146341465	13.841463414634148	24.573170731707318	22.5
65.0	23.633969716919026	14.417379855167873	15.865701119157341	23.897300855826202	22.18564845292956
66.0	25.88575560375994	14.099783080260304	13.232104121475055	25.59652928416486	21.185827910339842
67.0	26.19984264358773	13.768686073957515	14.319433516915813	24.390243902439025	21.321793863099924
68.0	26.73434856175973	13.19796954314721	13.11336717428088	25.296108291032148	21.658206429780034
69.0	23.394495412844037	14.862385321100918	15.321100917431194	24.31192660550459	22.110091743119266
70.0	24.9	13.200000000000001	12.7	27.1	22.1
71.0	26.34989200863931	13.390928725701945	15.010799136069114	23.65010799136069	21.598272138228943
72.0	22.025912838633687	15.429917550058892	14.3698468786808	26.97290930506478	21.20141342756184
73.0	24.646983311938385	14.505776636713735	15.532734274711169	24.5186136071887	20.79589216944801
74.0	26.170798898071624	13.085399449035812	17.63085399449036	20.9366391184573	22.176308539944902
75.0	24.663677130044842	14.648729446935723	13.303437967115098	25.26158445440957	22.122571001494766
76.0	25.44570502431118	13.614262560777956	14.424635332252835	25.60777957860616	20.907617504051863
77.0	25.13274336283186	15.221238938053098	15.398230088495577	23.716814159292035	20.530973451327434
78.0	25.719769673704413	14.587332053742802	15.355086372360843	22.072936660268713	22.264875239923224
79.0	27.25409836065574	14.139344262295081	12.5	22.950819672131146	23.15573770491803
80.0	24.94432071269488	13.140311804008908	15.812917594654788	23.83073496659243	22.271714922049
81.0	26.172839506172842	14.320987654320987	15.06172839506173	23.456790123456788	20.98765432098765
82.0	27.200000000000003	13.600000000000001	13.866666666666665	22.666666666666664	22.666666666666664
83.0	25.214899713467048	12.034383954154727	14.040114613180515	21.48997134670487	27.22063037249284
84.0	22.8125	14.374999999999998	11.875	21.25	29.6875
85.0	19.655172413793103	16.551724137931036	12.068965517241379	21.72413793103448	30.0
86.0	22.83464566929134	12.598425196850393	15.354330708661418	22.83464566929134	26.37795275590551
87.0	24.444444444444443	11.11111111111111	16.0	25.333333333333336	23.11111111111111
88.0	24.137931034482758	13.793103448275861	7.389162561576355	32.01970443349754	22.660098522167488
89.0	20.32085561497326	15.508021390374333	16.0427807486631	25.13368983957219	22.994652406417114
90.0	24.277456647398843	17.341040462427745	14.450867052023122	20.23121387283237	23.699421965317917
91.0	25.477707006369428	15.92356687898089	17.8343949044586	21.019108280254777	19.745222929936308
92.0	26.38888888888889	15.277777777777779	15.277777777777779	25.0	18.055555555555554
93.0	21.21212121212121	16.666666666666664	18.181818181818183	29.545454545454547	14.393939393939394
94.0	26.984126984126984	7.936507936507936	19.047619047619047	29.365079365079367	16.666666666666664
95.0	25.423728813559322	15.254237288135593	16.94915254237288	26.27118644067797	16.101694915254235
96.0	23.893805309734514	8.849557522123893	16.8141592920354	31.858407079646017	18.58407079646018
97.0	19.047619047619047	18.095238095238095	11.428571428571429	24.761904761904763	26.666666666666668
98.0	28.28282828282828	13.131313131313133	18.181818181818183	13.131313131313133	27.27272727272727
99.0	21.73913043478261	9.782608695652174	15.217391304347828	28.26086956521739	25.0
100.0	25.97402597402597	22.07792207792208	10.38961038961039	28.57142857142857	12.987012987012985
101.0	30.555555555555557	18.055555555555554	19.444444444444446	18.055555555555554	13.88888888888889
102.0	24.637681159420293	13.043478260869565	8.695652173913043	36.231884057971016	17.391304347826086
103.0	25.37313432835821	14.925373134328357	7.462686567164178	32.83582089552239	19.402985074626866
104.0	24.193548387096776	19.35483870967742	11.29032258064516	25.806451612903224	19.35483870967742
105.0	24.561403508771928	14.035087719298245	14.035087719298245	28.07017543859649	19.298245614035086
106.0	24.074074074074073	24.074074074074073	7.4074074074074066	24.074074074074073	20.37037037037037
107.0	28.000000000000004	16.0	16.0	22.0	18.0
108.0	32.608695652173914	15.217391304347828	10.869565217391305	23.91304347826087	17.391304347826086
109.0	18.6046511627907	6.976744186046512	20.930232558139537	30.23255813953488	23.25581395348837
110.0	21.951219512195124	9.75609756097561	21.951219512195124	21.951219512195124	24.390243902439025
111.0	18.421052631578945	21.052631578947366	7.894736842105263	26.31578947368421	26.31578947368421
112.0	21.21212121212121	12.121212121212121	18.181818181818183	24.242424242424242	24.242424242424242
113.0	16.129032258064516	9.67741935483871	22.58064516129032	22.58064516129032	29.03225806451613
114.0	35.714285714285715	14.285714285714285	3.571428571428571	21.428571428571427	25.0
115.0	20.0	16.0	12.0	24.0	28.000000000000004
116.0	27.27272727272727	27.27272727272727	4.545454545454546	13.636363636363635	27.27272727272727
117.0	23.809523809523807	14.285714285714285	19.047619047619047	14.285714285714285	28.57142857142857
118.0	22.22222222222222	16.666666666666664	5.555555555555555	27.77777777777778	27.77777777777778
119.0	6.25	6.25	31.25	25.0	31.25
120.0	26.666666666666668	26.666666666666668	6.666666666666667	13.333333333333334	26.666666666666668
121.0	38.46153846153847	7.6923076923076925	7.6923076923076925	23.076923076923077	23.076923076923077
122.0	45.45454545454545	0.0	27.27272727272727	9.090909090909092	18.181818181818183
123.0	27.27272727272727	18.181818181818183	9.090909090909092	18.181818181818183	27.27272727272727
124.0	40.0	0.0	10.0	10.0	40.0
125.0	11.11111111111111	22.22222222222222	22.22222222222222	11.11111111111111	33.33333333333333
126.0	25.0	0.0	0.0	25.0	50.0
127.0	0.0	16.666666666666664	33.33333333333333	16.666666666666664	33.33333333333333
128.0	33.33333333333333	0.0	33.33333333333333	0.0	33.33333333333333
129.0	50.0	0.0	50.0	0.0	0.0
130.0	50.0	0.0	0.0	25.0	25.0
131.0	0.0	25.0	25.0	25.0	25.0
132.0	25.0	0.0	25.0	0.0	50.0
133.0	33.33333333333333	0.0	0.0	0.0	66.66666666666666
134.0	0.0	0.0	0.0	0.0	100.0
135.0	0.0	0.0	0.0	0.0	100.0
136.0	0.0	0.0	0.0	0.0	100.0
