# Position (bp)	A	C	G	T	N
0.0	0.0	0.0	0.0	0.0	100.0
1.0	0.0	0.0	0.0	0.0	100.0
2.0	0.0	0.0	0.0	0.0	100.0
3.0	21.684882483799207	26.598317051939258	27.75897088693297	23.957829577328564	0.0
4.0	22.294225747170906	25.940613212109486	28.919624721926684	22.84553631879292	0.0
5.0	23.425863236289775	26.53061224489796	28.377986265596284	21.66553825321598	0.0
6.0	23.106683431666504	26.637005513105716	28.861592030177004	21.39471902505078	0.0
7.0	21.462423832092078	28.010445884514944	28.484379533804045	22.042750749588937	0.0
8.0	21.71389882967405	27.565528581100686	28.15552761388916	22.565044975336107	0.0
9.0	21.907341135506336	27.033562240061904	29.22913241125834	21.829964213173422	0.0
10.0	22.400619015378666	26.40487474610697	29.45159106296547	21.742915175548895	0.0
11.0	22.28455363187929	26.84979204952123	28.987329528967987	21.878324789631492	0.0
12.0	20.466195957055806	23.764387271496275	26.14372763323339	20.83373633813715	8.791952800077377
13.0	18.667182512815554	22.468323822419965	23.43553535158139	18.899313279814294	16.529645033368798
14.0	17.57423348486314	20.10832769126608	20.659638262888095	16.99390656736628	24.663893993616405
15.0	18.55779427359491	19.90455991516437	21.166489925768822	18.504772004241783	21.866383881230117
16.0	18.79490150637312	21.86558516801854	22.38702201622248	19.44380069524913	17.508690614136732
17.0	21.363461291565027	23.802798818847094	24.598793169854925	20.49043522916934	9.744511490563616
18.0	22.59771986970684	24.98642779587405	25.705754614549402	21.457654723127035	5.252442996742671
19.0	22.1519876387133	24.891136395561176	24.582104228121928	21.477735637027674	6.8970361005759235
20.0	21.22332859174964	24.679943100995732	24.466571834992887	20.96728307254623	8.662873399715505
21.0	21.74473571121616	23.979372582724537	23.950723392064173	20.727689442773244	9.597478871221888
22.0	22.812311406155704	24.20036210018105	24.954737477368738	22.057936028968015	5.974652987326494
23.0	22.052639775735866	25.60348855318486	26.880548201214765	21.429683849867622	4.033639619996885
24.0	23.181746157502772	25.685311361115517	25.28917762636666	22.579622880684518	3.264141974330534
25.0	23.764441591784337	25.481386392811295	25.529525032092426	22.464698331193837	2.7599486521181
26.0	24.09931840311587	26.144109055501463	25.576111652061016	21.876014281077573	2.3044466082440764
27.0	22.81736281736282	26.51924651924652	24.684684684684687	23.652743652743652	2.325962325962326
28.0	24.372937293729375	24.7029702970297	25.462046204620464	22.904290429042902	2.557755775577558
29.0	24.617940199335546	24.03654485049834	25.315614617940202	23.45514950166113	2.574750830564784
30.0	23.93090726144558	25.893006875733693	24.584940466208284	22.97501257756163	2.6161328190508133
31.0	23.57324301439458	26.89246401354784	24.55546147332769	21.998306519898392	2.980524978831499
32.0	22.966751918158568	26.427962489343564	24.705882352941178	22.335890878090368	3.5635123614663256
33.0	22.662304115722403	26.12364387807818	23.86774582400551	23.437230928190115	3.9090752540037883
34.0	22.883574794903126	25.571652993541633	24.576714958980624	22.935939954616863	4.032117297957758
35.0	23.444130127298443	24.68175388967468	25.035360678925034	22.878359264497877	3.9603960396039604
36.0	23.154121863799283	25.125448028673837	24.53405017921147	23.261648745519715	3.924731182795699
37.0	23.37213532193525	24.336122226264095	25.44561658785013	22.735540196435068	4.11058566751546
38.0	23.251104565537556	24.760677466863036	24.98159057437408	22.6620029455081	4.344624447717231
39.0	22.104085058757693	24.58496549151278	24.398433128147733	23.559037493005036	5.353478828576758
40.0	21.927162367223065	24.86722306525038	23.956752655538697	22.97040971168437	6.27845220030349
41.0	21.939953810623557	25.423402617398	23.999230177059278	21.247113163972287	7.390300230946882
42.0	21.462357114702403	24.871895940086716	24.300354749704375	21.994481671265273	7.370910524241229
43.0	20.8662214126695	25.399716656547255	23.537745395668892	22.525804493017606	7.670512042096742
44.0	21.612635078969245	25.228595178719864	23.690773067331673	21.467165419783875	8.000831255195346
45.0	21.72340425531915	23.97872340425532	23.4468085106383	21.93617021276596	8.914893617021278
46.0	21.722928540113983	24.156071898290225	23.257343270495397	21.701008329679965	9.16264796142043
47.0	22.091709961599275	24.12468940591823	23.49220691213011	21.346284165348994	8.94510955500339
48.0	21.303433777154872	24.013081055828078	23.52254146227517	22.19107685120299	8.969866853538893
49.0	20.36679536679537	24.276061776061773	23.865830115830118	22.417953667953668	9.073359073359073
50.0	21.409079632845447	23.195236913917142	22.674274373604565	22.947159513768295	9.77424956586455
51.0	20.220682576340778	24.19810110341288	22.170900692840647	23.60790351552476	9.802412111880935
52.0	21.36411889596603	25.132696390658175	22.0276008492569	21.92144373673036	9.554140127388536
53.0	20.951333516634588	25.433049216387133	22.051141050316193	22.353588122078634	9.21088809458345
54.0	21.450924608819346	25.376955903271693	21.62162162162162	21.93456614509246	9.615931721194878
55.0	22.593896713615024	24.354460093896712	22.007042253521128	21.214788732394364	9.82981220657277
56.0	22.5015142337977	25.46941247728649	22.04724409448819	19.745608721986674	10.236220472440944
57.0	21.403840100723954	25.967894239848917	20.74283915643689	21.246458923512748	10.638967579477494
58.0	20.924178327367393	25.447445493003578	20.891636836967134	21.607549625772858	11.129189716889034
59.0	20.748987854251013	24.595141700404856	21.356275303643724	22.06477732793522	11.234817813765183
60.0	22.01479394152871	23.45896442409299	21.768228249383586	22.613596336738286	10.144417048256429
61.0	20.76162577810326	22.336140607835958	22.775540095203223	22.079824240205053	12.046869278652508
62.0	20.486507031546942	22.91904218928164	21.474724439376665	21.246674268339035	13.87305207145572
63.0	20.58016464131713	21.246569972559783	19.678557428459428	20.26656213249706	18.2281458251666
64.0	20.31640299750208	21.94004995836803	19.10907577019151	19.02581182348043	19.608659450457953
65.0	19.152691968225948	21.13857016769638	17.255075022065313	20.741394527802296	21.71226831421006
66.0	17.833173537871524	21.860019175455417	18.312559923298178	20.709491850431448	21.28475551294343
67.0	19.67892283790782	21.232522009321595	18.021750388399795	18.798549974106677	22.268254790264113
68.0	18.996617812852314	21.81510710259301	18.207440811724915	19.39120631341601	21.589627959413754
69.0	20.036540803897683	19.792935444579783	17.90499390986602	21.07186358099878	21.193666260657736
70.0	19.453697534976683	24.183877415056628	15.789473684210526	20.919387075283144	19.653564290473017
71.0	19.841840402588065	20.416966211358734	18.404025880661397	21.567217828900073	19.769949676491734
72.0	20.17001545595054	19.938176197836167	19.47449768160742	19.55177743431221	20.86553323029366
73.0	17.412935323383085	20.23217247097844	18.325041459369817	22.553897180762853	21.475953565505804
74.0	18.906810035842295	20.25089605734767	16.666666666666664	21.774193548387096	22.401433691756274
75.0	19.04296875	19.82421875	17.3828125	20.41015625	23.33984375
76.0	19.746568109820487	19.957761351636748	16.68426610348469	19.640971488912353	23.970432946145724
77.0	19.7459584295612	18.12933025404157	18.822170900692843	19.630484988452658	23.67205542725173
78.0	20.254777070063696	16.560509554140125	18.471337579617835	23.439490445859875	21.273885350318473
79.0	21.805555555555557	18.055555555555554	16.666666666666664	24.444444444444443	19.02777777777778
80.0	19.062027231467475	18.910741301059	20.423600605143722	25.56732223903177	16.036308623298034
81.0	21.035598705501616	18.77022653721683	19.902912621359224	24.271844660194176	16.019417475728158
82.0	21.955403087478558	18.524871355060036	19.554030874785592	21.955403087478558	18.010291595197256
83.0	23.243243243243246	17.65765765765766	18.37837837837838	21.62162162162162	19.0990990990991
84.0	26.589595375722542	17.533718689788053	18.497109826589593	20.23121387283237	17.148362235067438
85.0	23.01255230125523	20.920502092050206	21.96652719665272	20.711297071129707	13.389121338912133
86.0	25.612472160356347	20.93541202672606	17.14922048997773	25.389755011135858	10.913140311804009
87.0	20.69767441860465	14.651162790697676	20.232558139534884	28.604651162790695	15.813953488372093
88.0	22.705314009661837	17.632850241545896	18.84057971014493	23.67149758454106	17.14975845410628
89.0	20.25	14.000000000000002	18.5	27.500000000000004	19.75
90.0	24.03314917127072	20.994475138121548	17.12707182320442	22.65193370165746	15.193370165745856
91.0	28.279883381924197	16.3265306122449	15.743440233236154	24.198250728862973	15.451895043731778
92.0	24.922118380062305	14.953271028037381	17.445482866043612	26.479750778816197	16.1993769470405
93.0	21.824104234527688	18.892508143322477	14.983713355048861	25.407166123778502	18.892508143322477
94.0	25.17241379310345	14.482758620689657	15.517241379310345	26.89655172413793	17.93103448275862
95.0	26.022304832713754	18.587360594795538	13.011152416356877	21.933085501858738	20.44609665427509
96.0	27.710843373493976	14.457831325301203	16.06425702811245	24.899598393574294	16.867469879518072
97.0	22.689075630252102	12.184873949579831	15.966386554621847	28.15126050420168	21.008403361344538
98.0	22.897196261682243	13.551401869158877	14.018691588785046	28.971962616822427	20.5607476635514
99.0	28.985507246376812	13.043478260869565	15.458937198067632	21.73913043478261	20.77294685990338
100.0	23.93617021276596	19.680851063829788	9.574468085106384	31.914893617021278	14.893617021276595
101.0	30.0	17.058823529411764	17.058823529411764	24.705882352941178	11.176470588235295
102.0	29.878048780487802	17.073170731707318	14.634146341463413	27.439024390243905	10.975609756097562
103.0	23.125	16.875	18.125	26.25	15.625
104.0	29.80132450331126	13.90728476821192	15.894039735099339	27.81456953642384	12.582781456953644
105.0	30.82191780821918	19.17808219178082	15.068493150684931	19.17808219178082	15.753424657534246
106.0	24.444444444444443	13.333333333333334	18.51851851851852	28.888888888888886	14.814814814814813
107.0	30.303030303030305	12.878787878787879	13.636363636363635	27.27272727272727	15.909090909090908
108.0	24.390243902439025	18.69918699186992	13.008130081300814	30.89430894308943	13.008130081300814
109.0	29.565217391304348	13.043478260869565	12.173913043478262	37.391304347826086	7.82608695652174
110.0	28.82882882882883	12.612612612612612	21.62162162162162	30.630630630630627	6.306306306306306
111.0	28.971962616822427	11.214953271028037	23.364485981308412	32.71028037383177	3.7383177570093453
112.0	43.39622641509434	13.20754716981132	16.9811320754717	22.641509433962266	3.7735849056603774
113.0	38.46153846153847	20.192307692307693	15.384615384615385	22.115384615384613	3.8461538461538463
114.0	33.00970873786408	15.53398058252427	23.300970873786408	24.271844660194176	3.8834951456310676
115.0	27.450980392156865	22.54901960784314	20.588235294117645	23.52941176470588	5.88235294117647
116.0	31.0	21.0	19.0	21.0	8.0
117.0	21.21212121212121	17.17171717171717	17.17171717171717	30.303030303030305	14.14141414141414
118.0	32.29166666666667	13.541666666666666	13.541666666666666	22.916666666666664	17.708333333333336
119.0	31.521739130434785	13.043478260869565	18.478260869565215	20.652173913043477	16.304347826086957
120.0	25.882352941176475	22.35294117647059	14.117647058823529	23.52941176470588	14.117647058823529
121.0	27.848101265822784	18.9873417721519	11.39240506329114	27.848101265822784	13.924050632911392
122.0	15.584415584415584	23.376623376623375	11.688311688311687	33.76623376623377	15.584415584415584
123.0	23.28767123287671	15.068493150684931	21.91780821917808	27.397260273972602	12.32876712328767
124.0	35.294117647058826	7.352941176470589	10.294117647058822	36.76470588235294	10.294117647058822
125.0	41.53846153846154	10.76923076923077	13.846153846153847	26.153846153846157	7.6923076923076925
126.0	21.875	18.75	14.0625	31.25	14.0625
127.0	29.508196721311474	13.114754098360656	18.0327868852459	29.508196721311474	9.836065573770492
128.0	36.666666666666664	16.666666666666664	11.666666666666666	26.666666666666668	8.333333333333332
129.0	32.72727272727273	18.181818181818183	20.0	27.27272727272727	1.8181818181818181
130.0	32.72727272727273	12.727272727272727	16.363636363636363	34.54545454545455	3.6363636363636362
131.0	27.27272727272727	10.909090909090908	16.363636363636363	41.81818181818181	3.6363636363636362
132.0	18.51851851851852	18.51851851851852	27.77777777777778	31.48148148148148	3.7037037037037033
133.0	28.30188679245283	15.09433962264151	22.641509433962266	32.075471698113205	1.8867924528301887
134.0	33.9622641509434	13.20754716981132	9.433962264150944	39.62264150943396	3.7735849056603774
135.0	23.076923076923077	23.076923076923077	9.615384615384617	40.38461538461539	3.8461538461538463
136.0	28.846153846153843	21.153846153846153	15.384615384615385	26.923076923076923	7.6923076923076925
137.0	37.254901960784316	7.8431372549019605	17.647058823529413	27.450980392156865	9.803921568627452
138.0	28.000000000000004	12.0	20.0	30.0	10.0
139.0	27.083333333333332	14.583333333333334	27.083333333333332	25.0	6.25
140.0	43.47826086956522	10.869565217391305	17.391304347826086	21.73913043478261	6.521739130434782
141.0	33.33333333333333	4.444444444444445	17.77777777777778	37.77777777777778	6.666666666666667
142.0	35.55555555555556	15.555555555555555	15.555555555555555	22.22222222222222	11.11111111111111
143.0	25.581395348837212	16.27906976744186	23.25581395348837	27.906976744186046	6.976744186046512
144.0	19.047619047619047	16.666666666666664	19.047619047619047	35.714285714285715	9.523809523809524
145.0	32.5	12.5	12.5	35.0	7.5
146.0	17.5	30.0	7.5	37.5	7.5
147.0	21.052631578947366	26.31578947368421	18.421052631578945	31.57894736842105	2.631578947368421
148.0	24.324324324324326	13.513513513513514	10.81081081081081	37.83783783783784	13.513513513513514
149.0	37.83783783783784	18.91891891891892	16.216216216216218	8.108108108108109	18.91891891891892
150.0	27.027027027027028	18.91891891891892	16.216216216216218	16.216216216216218	21.62162162162162
151.0	50.0	12.5	9.375	15.625	12.5
152.0	20.0	13.333333333333334	23.333333333333332	26.666666666666668	16.666666666666664
153.0	27.586206896551722	24.137931034482758	13.793103448275861	20.689655172413794	13.793103448275861
154.0	25.0	14.285714285714285	14.285714285714285	35.714285714285715	10.714285714285714
155.0	36.0	20.0	8.0	36.0	0.0
156.0	16.0	24.0	12.0	48.0	0.0
157.0	44.0	8.0	20.0	28.000000000000004	0.0
158.0	44.0	24.0	4.0	28.000000000000004	0.0
159.0	28.000000000000004	16.0	24.0	28.000000000000004	4.0
160.0	36.0	12.0	20.0	28.000000000000004	4.0
161.0	44.0	12.0	4.0	32.0	8.0
162.0	20.833333333333336	29.166666666666668	16.666666666666664	29.166666666666668	4.166666666666666
163.0	33.33333333333333	8.333333333333332	12.5	41.66666666666667	4.166666666666666
164.0	30.434782608695656	8.695652173913043	34.78260869565217	26.08695652173913	0.0
165.0	39.130434782608695	21.73913043478261	13.043478260869565	21.73913043478261	4.3478260869565215
166.0	21.73913043478261	8.695652173913043	4.3478260869565215	56.52173913043478	8.695652173913043
167.0	21.73913043478261	13.043478260869565	13.043478260869565	43.47826086956522	8.695652173913043
168.0	31.818181818181817	22.727272727272727	22.727272727272727	18.181818181818183	4.545454545454546
169.0	52.38095238095239	14.285714285714285	14.285714285714285	19.047619047619047	0.0
170.0	4.761904761904762	19.047619047619047	38.095238095238095	33.33333333333333	4.761904761904762
171.0	23.809523809523807	23.809523809523807	14.285714285714285	28.57142857142857	9.523809523809524
172.0	23.809523809523807	23.809523809523807	19.047619047619047	23.809523809523807	9.523809523809524
173.0	10.0	15.0	25.0	45.0	5.0
174.0	21.052631578947366	21.052631578947366	15.789473684210526	42.10526315789473	0.0
175.0	26.31578947368421	15.789473684210526	10.526315789473683	42.10526315789473	5.263157894736842
176.0	26.31578947368421	10.526315789473683	26.31578947368421	31.57894736842105	5.263157894736842
177.0	21.052631578947366	5.263157894736842	26.31578947368421	42.10526315789473	5.263157894736842
178.0	50.0	11.11111111111111	5.555555555555555	27.77777777777778	5.555555555555555
179.0	44.44444444444444	16.666666666666664	16.666666666666664	16.666666666666664	5.555555555555555
180.0	27.77777777777778	16.666666666666664	11.11111111111111	27.77777777777778	16.666666666666664
181.0	17.647058823529413	17.647058823529413	17.647058823529413	29.411764705882355	17.647058823529413
182.0	23.52941176470588	23.52941176470588	11.76470588235294	23.52941176470588	17.647058823529413
183.0	33.33333333333333	26.666666666666668	13.333333333333334	20.0	6.666666666666667
184.0	28.57142857142857	14.285714285714285	7.142857142857142	50.0	0.0
185.0	21.428571428571427	14.285714285714285	14.285714285714285	50.0	0.0
186.0	21.428571428571427	14.285714285714285	21.428571428571427	42.857142857142854	0.0
187.0	42.857142857142854	21.428571428571427	14.285714285714285	21.428571428571427	0.0
188.0	28.57142857142857	21.428571428571427	7.142857142857142	35.714285714285715	7.142857142857142
189.0	28.57142857142857	21.428571428571427	14.285714285714285	21.428571428571427	14.285714285714285
190.0	28.57142857142857	14.285714285714285	14.285714285714285	28.57142857142857	14.285714285714285
191.0	23.076923076923077	23.076923076923077	7.6923076923076925	38.46153846153847	7.6923076923076925
192.0	50.0	25.0	8.333333333333332	16.666666666666664	0.0
193.0	66.66666666666666	0.0	16.666666666666664	8.333333333333332	8.333333333333332
194.0	8.333333333333332	8.333333333333332	33.33333333333333	41.66666666666667	8.333333333333332
195.0	8.333333333333332	25.0	41.66666666666667	16.666666666666664	8.333333333333332
196.0	45.45454545454545	27.27272727272727	18.181818181818183	9.090909090909092	0.0
197.0	18.181818181818183	18.181818181818183	27.27272727272727	36.36363636363637	0.0
198.0	36.36363636363637	18.181818181818183	0.0	45.45454545454545	0.0
199.0	27.27272727272727	0.0	18.181818181818183	54.54545454545454	0.0
200.0	18.181818181818183	18.181818181818183	18.181818181818183	45.45454545454545	0.0
201.0	45.45454545454545	18.181818181818183	27.27272727272727	9.090909090909092	0.0
202.0	36.36363636363637	18.181818181818183	18.181818181818183	27.27272727272727	0.0
203.0	27.27272727272727	9.090909090909092	45.45454545454545	18.181818181818183	0.0
204.0	27.27272727272727	18.181818181818183	18.181818181818183	36.36363636363637	0.0
205.0	36.36363636363637	0.0	18.181818181818183	45.45454545454545	0.0
206.0	27.27272727272727	9.090909090909092	27.27272727272727	27.27272727272727	9.090909090909092
207.0	27.27272727272727	36.36363636363637	9.090909090909092	18.181818181818183	9.090909090909092
208.0	0.0	18.181818181818183	18.181818181818183	45.45454545454545	18.181818181818183
209.0	0.0	20.0	50.0	20.0	10.0
210.0	10.0	0.0	30.0	50.0	10.0
211.0	33.33333333333333	11.11111111111111	11.11111111111111	44.44444444444444	0.0
212.0	55.55555555555556	11.11111111111111	0.0	33.33333333333333	0.0
213.0	55.55555555555556	11.11111111111111	11.11111111111111	11.11111111111111	11.11111111111111
214.0	33.33333333333333	22.22222222222222	11.11111111111111	11.11111111111111	22.22222222222222
215.0	11.11111111111111	11.11111111111111	22.22222222222222	33.33333333333333	22.22222222222222
216.0	12.5	12.5	12.5	50.0	12.5
217.0	42.857142857142854	14.285714285714285	28.57142857142857	14.285714285714285	0.0
218.0	14.285714285714285	14.285714285714285	14.285714285714285	42.857142857142854	14.285714285714285
219.0	28.57142857142857	42.857142857142854	0.0	14.285714285714285	14.285714285714285
220.0	28.57142857142857	0.0	42.857142857142854	14.285714285714285	14.285714285714285
221.0	16.666666666666664	16.666666666666664	16.666666666666664	50.0	0.0
222.0	33.33333333333333	16.666666666666664	33.33333333333333	16.666666666666664	0.0
223.0	16.666666666666664	0.0	83.33333333333334	0.0	0.0
224.0	33.33333333333333	16.666666666666664	0.0	50.0	0.0
225.0	50.0	16.666666666666664	33.33333333333333	0.0	0.0
226.0	50.0	16.666666666666664	33.33333333333333	0.0	0.0
227.0	33.33333333333333	0.0	16.666666666666664	50.0	0.0
228.0	0.0	16.666666666666664	33.33333333333333	50.0	0.0
229.0	16.666666666666664	16.666666666666664	0.0	66.66666666666666	0.0
230.0	33.33333333333333	16.666666666666664	0.0	50.0	0.0
231.0	50.0	16.666666666666664	33.33333333333333	0.0	0.0
232.0	33.33333333333333	33.33333333333333	0.0	33.33333333333333	0.0
233.0	16.666666666666664	16.666666666666664	16.666666666666664	50.0	0.0
234.0	16.666666666666664	33.33333333333333	16.666666666666664	33.33333333333333	0.0
235.0	33.33333333333333	33.33333333333333	0.0	33.33333333333333	0.0
236.0	50.0	16.666666666666664	16.666666666666664	16.666666666666664	0.0
237.0	100.0	0.0	0.0	0.0	0.0
238.0	50.0	33.33333333333333	0.0	16.666666666666664	0.0
239.0	50.0	16.666666666666664	0.0	33.33333333333333	0.0
240.0	33.33333333333333	33.33333333333333	0.0	16.666666666666664	16.666666666666664
241.0	16.666666666666664	0.0	16.666666666666664	33.33333333333333	33.33333333333333
242.0	16.666666666666664	16.666666666666664	16.666666666666664	16.666666666666664	33.33333333333333
243.0	20.0	20.0	20.0	20.0	20.0
244.0	75.0	0.0	25.0	0.0	0.0
245.0	0.0	0.0	50.0	50.0	0.0
246.0	50.0	0.0	50.0	0.0	0.0
247.0	0.0	25.0	25.0	50.0	0.0
248.0	50.0	25.0	0.0	25.0	0.0
249.0	25.0	25.0	0.0	50.0	0.0
250.0	25.0	50.0	0.0	25.0	0.0
251.0	0.0	25.0	25.0	50.0	0.0
252.0	25.0	25.0	25.0	25.0	0.0
253.0	50.0	0.0	25.0	25.0	0.0
254.0	75.0	0.0	25.0	0.0	0.0
255.0	0.0	50.0	25.0	25.0	0.0
256.0	25.0	0.0	75.0	0.0	0.0
257.0	50.0	0.0	0.0	50.0	0.0
258.0	0.0	0.0	50.0	50.0	0.0
259.0	0.0	25.0	0.0	75.0	0.0
260.0	0.0	50.0	0.0	50.0	0.0
261.0	0.0	25.0	50.0	0.0	25.0
262.0	25.0	25.0	25.0	0.0	25.0
263.0	50.0	0.0	0.0	25.0	25.0
264.0	0.0	0.0	66.66666666666666	33.33333333333333	0.0
265.0	66.66666666666666	0.0	33.33333333333333	0.0	0.0
266.0	66.66666666666666	33.33333333333333	0.0	0.0	0.0
267.0	66.66666666666666	0.0	33.33333333333333	0.0	0.0
268.0	33.33333333333333	33.33333333333333	0.0	33.33333333333333	0.0
269.0	33.33333333333333	0.0	33.33333333333333	33.33333333333333	0.0
270.0	0.0	33.33333333333333	33.33333333333333	33.33333333333333	0.0
271.0	0.0	0.0	33.33333333333333	66.66666666666666	0.0
272.0	0.0	0.0	33.33333333333333	66.66666666666666	0.0
273.0	33.33333333333333	0.0	33.33333333333333	33.33333333333333	0.0
274.0	33.33333333333333	0.0	0.0	66.66666666666666	0.0
275.0	0.0	33.33333333333333	33.33333333333333	33.33333333333333	0.0
276.0	100.0	0.0	0.0	0.0	0.0
277.0	100.0	0.0	0.0	0.0	0.0
278.0	33.33333333333333	33.33333333333333	0.0	33.33333333333333	0.0
279.0	33.33333333333333	0.0	0.0	33.33333333333333	33.33333333333333
280.0	0.0	0.0	33.33333333333333	33.33333333333333	33.33333333333333
281.0	0.0	33.33333333333333	0.0	33.33333333333333	33.33333333333333
282.0	50.0	50.0	0.0	0.0	0.0
283.0	0.0	0.0	0.0	100.0	0.0
284.0	0.0	0.0	0.0	50.0	50.0
285.0	50.0	0.0	0.0	0.0	50.0
286.0	0.0	0.0	0.0	0.0	100.0
287.0	0.0	0.0	0.0	0.0	100.0
288.0	0.0	0.0	0.0	0.0	100.0
