# Position (bp)	A	C	G	T	N
0.0	0.0	0.0	0.0	0.0	100.0
1.0	0.0	0.0	0.0	0.0	100.0
2.0	0.0	0.0	0.0	0.0	100.0
3.0	23.59162090705715	24.181411429733576	26.540573520439292	25.68639414276998	0.0
4.0	23.87634736628025	24.771201952410006	28.208257067317472	23.14419361399227	0.0
5.0	24.527150701647347	24.10006101281269	26.825299979662397	24.547488305877568	0.0
6.0	24.34411226357535	24.10006101281269	27.8625177954037	23.693308928208257	0.0
7.0	23.022167988610942	25.68639414276998	25.32031726662599	25.971120601993086	0.0
8.0	22.16798861094163	25.360992475086437	26.499898311978846	25.971120601993086	0.0
9.0	23.022167988610942	25.05592841163311	27.45576571079927	24.46613788895668	0.0
10.0	23.835672157819808	24.262761846654467	27.72015456579215	24.181411429733576	0.0
11.0	23.327232052064268	25.137278828553995	27.923530608094367	23.61195851128737	0.0
12.0	20.785031523286555	24.32377465934513	24.60850111856823	24.140736221273134	6.141956477526947
13.0	20.886719544437664	21.598535692495425	23.449257677445598	22.086638194020743	11.97884889160057
14.0	19.422412039861705	21.31380923327232	21.67988610941631	20.90705714866789	16.67683546878178
15.0	19.89165763813651	22.123510292524376	23.466955579631634	20.043336944745395	14.47453954496208
16.0	20.70240295748614	23.65988909426987	23.475046210720887	21.303142329020332	10.859519408502774
17.0	23.090065901879424	22.870392970466195	25.01830607761777	22.309006590187945	6.71222845984867
18.0	22.95414238662275	24.60096275652394	25.234355206485937	23.43552064859387	3.775019001773499
19.0	21.228615863141524	24.313115603939867	22.99118714359772	23.45775012960083	8.009331259720062
20.0	22.52747252747253	21.50706436420722	23.626373626373624	21.690214547357403	10.64887493458922
21.0	20.826750921537652	21.616640337019483	23.32806740389679	22.35387045813586	11.874670879410216
22.0	22.76697661313046	24.823894054663285	23.330515638207945	21.696252465483234	7.382361228515075
23.0	22.81112737920937	25.534407027818446	25.592972181551975	21.171303074670572	4.890190336749634
24.0	22.228861667164626	25.72452942933971	25.634896922617266	22.438004182850314	3.9737077980280846
25.0	23.36477030727107	25.707331913599024	25.585640401581987	22.330392455126255	3.011864922421661
26.0	23.121921182266007	26.84729064039409	25.153940886699505	22.383004926108374	2.4938423645320196
27.0	24.299937772246423	25.88674548848787	24.984443061605475	22.744243932794024	2.0846297448662106
28.0	23.71392722710163	25.941028858218317	24.90589711417817	23.14930991217064	2.289836888331242
29.0	21.313545942532365	26.239343227028733	26.4603725923587	23.744868961161984	2.241869276918219
30.0	23.450905624404193	25.83412774070543	25.452812202097235	23.419129329520178	1.8430251032729585
31.0	22.343499197431782	24.847512038523277	26.934189406099517	24.526484751203853	1.348314606741573
32.0	23.998708010335918	25.484496124031008	25.484496124031008	23.546511627906977	1.4857881136950903
33.0	23.567497572029783	25.865976044027196	24.700550339915832	23.535124635804465	2.330851408222726
34.0	22.55125284738041	27.920598763423364	22.84412626098275	23.820370972990563	2.863651155222909
35.0	23.344262295081965	24.62295081967213	25.344262295081965	23.475409836065573	3.2131147540983602
36.0	23.23500165727544	25.15744116672191	26.218097447795824	22.671528007954922	2.7179317202519058
37.0	23.919597989949747	23.88609715242881	27.571189279731996	21.976549413735345	2.6465661641541036
38.0	23.94986449864499	26.287262872628723	24.55962059620596	22.831978319783197	2.3712737127371275
39.0	23.577512776831348	24.599659284497445	24.770017035775126	24.020442930153322	3.0323679727427595
40.0	22.36751548520303	27.426015141087408	25.533379215416378	20.956641431520993	3.716448726772195
41.0	22.553782095766827	24.531575294934076	24.739764052741155	23.8029146426093	4.371963913948647
42.0	22.312016865776528	25.15811665495432	24.27969079409698	23.717498243148277	4.5326774420238936
43.0	20.44317369549678	28.377412437455323	24.124374553252323	22.230164403145103	4.824874910650465
44.0	22.314949201741655	24.637155297532658	24.34687953555878	24.129172714078376	4.571843251088534
45.0	23.150533676849467	26.757453073242548	23.150533676849467	22.672064777327936	4.269414795730586
46.0	23.094254600075104	26.173488546751784	24.07059707097259	23.13180623357116	3.5298535486293656
47.0	22.88973384030418	26.121673003802282	24.828897338403042	22.509505703422054	3.650190114068441
48.0	22.414455978469817	25.297962322183775	25.567089580930414	22.760476739715493	3.9600153787004997
49.0	21.99299338263916	26.31374075515765	23.666796418840015	24.13390424289607	3.892565200467108
50.0	23.756906077348066	25.21704814522494	24.427782162588795	22.849250197316493	3.749013417521705
51.0	23.45876701361089	24.419535628502803	23.53883106485188	24.89991993594876	3.682946357085669
52.0	21.668691778047794	25.15188335358445	24.827865532604292	24.05832320777643	4.293236127987039
53.0	22.01722017220172	22.960229602296025	25.871258712587125	24.313243132431325	4.838048380483804
54.0	23.60764754779717	25.64422277639235	22.568578553615957	22.90108063175395	5.278470490440565
55.0	21.709691070672875	26.914938637325434	23.571730850613626	22.55607278882776	5.247566652560304
56.0	21.28392934080138	27.27272727272727	24.472210254200778	21.671693235674276	5.2994398965962946
57.0	22.5976305397104	24.177270732777533	26.151820974111452	21.193505923650726	5.879771829749891
58.0	23.49263063867798	25.011165698972754	22.376060741402412	23.1353282715498	5.984814649397052
59.0	20.79162875341219	26.56960873521383	24.431301182893538	22.11101000909918	6.096451319381256
60.0	21.631701631701635	25.26806526806527	23.449883449883448	23.86946386946387	5.780885780885781
61.0	20.855106888361043	26.22327790973872	24.608076009501186	21.61520190023753	6.69833729216152
62.0	22.43217054263566	25.872093023255815	21.17248062015504	22.868217054263564	7.655038759689922
63.0	21.27659574468085	26.373082632360216	21.82088075210292	22.167243938644233	8.362196932211777
64.0	22.35234215885947	22.25050916496945	23.625254582484725	23.625254582484725	8.146639511201629
65.0	20.88142707240294	25.918153200419724	21.615949632738722	22.560335781741866	9.024134312696747
66.0	18.84449244060475	23.65010799136069	23.65010799136069	24.08207343412527	9.773218142548597
67.0	19.67849223946785	28.547671840354766	20.343680709534368	20.84257206208426	10.587583148558759
68.0	23.01038062283737	23.52941176470588	19.377162629757784	23.817762399077278	10.265282583621683
69.0	24.35667265110712	21.84320766008378	19.988031119090365	23.159784560143628	10.652304009575104
70.0	20.892746435213887	23.682579045257285	23.558586484810913	20.33477991320521	11.53130812151271
71.0	18.830334190231362	24.164524421593832	21.91516709511568	24.357326478149098	10.732647814910026
72.0	19.959812458137975	26.25586068318821	22.237106496985934	21.701272605492296	9.84594775619558
73.0	23.265592151366505	24.45690259285214	20.18220042046251	22.985283812193412	9.110021023125437
74.0	17.92656587473002	25.341972642188626	24.406047516198704	22.606191504679625	9.719222462203025
75.0	23.179791976225854	22.58543833580981	23.84843982169391	20.430906389301633	9.955423476968797
76.0	20.43176561295297	24.980724749421743	21.81958365458751	22.35929067077872	10.40863531225906
77.0	21.61084529505582	23.365231259968102	24.322169059011163	21.21212121212121	9.4896331738437
78.0	23.26732673267327	21.534653465346533	21.45214521452145	24.33993399339934	9.405940594059405
79.0	20.137693631669535	20.82616179001721	24.182444061962137	25.21514629948365	9.63855421686747
80.0	22.378854625550662	24.405286343612335	19.11894273127753	23.083700440528634	11.013215859030836
81.0	23.13296903460838	20.309653916211293	21.22040072859745	24.408014571949	10.92896174863388
82.0	19.714285714285715	22.952380952380953	23.42857142857143	24.285714285714285	9.619047619047619
83.0	20.2970297029703	23.26732673267327	24.059405940594058	22.574257425742577	9.801980198019802
84.0	23.517382413087933	20.552147239263803	24.233128834355828	21.881390593047033	9.815950920245399
85.0	22.444678609062173	23.498419388830346	22.233930453108535	21.707060063224446	10.1159114857745
86.0	21.185510428100987	24.588364434687158	24.259055982436884	20.74643249176729	9.220636663007683
87.0	22.22222222222222	22.448979591836736	24.71655328798186	21.768707482993197	8.843537414965986
88.0	22.157092614302464	22.743259085580306	23.329425556858148	22.50879249706917	9.261430246189919
89.0	20.79806529625151	26.23941958887545	23.941958887545344	19.347037484885128	9.673518742442564
90.0	22.761194029850746	20.8955223880597	26.990049751243784	19.402985074626866	9.950248756218906
91.0	22.739018087855296	23.901808785529717	22.48062015503876	20.930232558139537	9.948320413436692
92.0	22.757697456492636	24.096385542168676	21.4190093708166	21.82061579651941	9.906291834002676
93.0	21.685082872928177	21.96132596685083	21.823204419889503	25.276243093922652	9.25414364640884
94.0	21.233859397417504	24.103299856527975	25.968436154949785	19.79913916786227	8.895265423242469
95.0	22.73402674591382	20.950965824665676	22.73402674591382	24.814264487369986	8.7667161961367
96.0	21.15677321156773	23.896499238964992	24.04870624048706	22.07001522070015	8.82800608828006
97.0	20.47244094488189	25.511811023622048	24.7244094488189	19.84251968503937	9.448818897637794
98.0	25.732899022801302	20.03257328990228	18.566775244299674	19.055374592833875	16.612377850162865
99.0	20.20033388981636	22.871452420701168	19.031719532554256	19.36560934891486	18.530884808013358
100.0	21.391304347826086	21.913043478260867	17.217391304347824	21.565217391304348	17.91304347826087
101.0	25.5859375	19.7265625	23.6328125	21.484375	9.5703125
102.0	23.36065573770492	20.901639344262296	23.975409836065573	23.36065573770492	8.401639344262295
103.0	26.27118644067797	18.64406779661017	27.966101694915253	18.85593220338983	8.26271186440678
104.0	23.758099352051836	24.190064794816415	22.03023758099352	20.950323974082075	9.071274298056156
105.0	22.818791946308725	19.910514541387027	21.02908277404922	27.96420581655481	8.277404921700224
106.0	18.013856812933028	26.558891454965355	20.785219399538107	27.02078521939954	7.621247113163972
107.0	21.377672209026127	25.890736342042754	21.61520190023753	22.565320665083135	8.551068883610451
108.0	21.463414634146343	22.195121951219512	24.146341463414632	23.65853658536585	8.536585365853659
109.0	25.0	18.5	25.75	22.75	8.0
110.0	26.75324675324675	23.376623376623375	22.857142857142858	21.298701298701296	5.714285714285714
111.0	20.8	25.6	26.93333333333333	20.8	5.866666666666666
112.0	25.271739130434785	23.097826086956523	22.282608695652172	24.456521739130434	4.891304347826087
113.0	25.895316804407713	17.355371900826448	21.763085399449036	28.650137741046834	6.336088154269973
114.0	24.07932011331445	22.946175637393768	22.6628895184136	23.79603399433428	6.515580736543909
115.0	22.0	24.0	24.0	22.857142857142858	7.142857142857142
116.0	26.764705882352942	25.294117647058822	21.470588235294116	20.294117647058822	6.176470588235294
117.0	26.36363636363636	29.6969696969697	19.696969696969695	19.090909090909093	5.151515151515151
118.0	25.846153846153847	21.53846153846154	21.23076923076923	26.461538461538463	4.923076923076923
119.0	18.181818181818183	27.586206896551722	26.959247648902824	21.316614420062695	5.956112852664576
120.0	19.808306709265175	26.837060702875398	26.517571884984026	21.405750798722046	5.431309904153355
121.0	23.624595469255663	18.77022653721683	27.184466019417474	23.624595469255663	6.796116504854369
122.0	21.333333333333336	23.666666666666668	26.333333333333332	23.333333333333332	5.333333333333334
123.0	18.58108108108108	23.986486486486484	27.364864864864863	23.64864864864865	6.418918918918918
124.0	29.51388888888889	20.13888888888889	25.34722222222222	19.444444444444446	5.555555555555555
125.0	28.87323943661972	20.774647887323944	22.535211267605636	21.12676056338028	6.690140845070422
126.0	21.660649819494584	22.382671480144403	27.436823104693143	23.465703971119133	5.054151624548736
127.0	25.735294117647058	26.10294117647059	20.955882352941178	21.691176470588236	5.514705882352941
128.0	24.90566037735849	27.169811320754718	25.660377358490567	18.49056603773585	3.7735849056603774
129.0	24.714828897338403	23.574144486692013	32.31939163498099	16.34980988593156	3.041825095057034
130.0	28.01556420233463	27.626459143968873	20.233463035019454	21.011673151750973	3.11284046692607
131.0	22.745098039215687	23.92156862745098	16.862745098039216	33.72549019607843	2.7450980392156863
132.0	25.098039215686274	23.137254901960784	28.235294117647058	19.607843137254903	3.9215686274509802
133.0	24.096385542168676	19.67871485943775	28.915662650602407	23.694779116465863	3.614457831325301
134.0	25.403225806451612	22.177419354838708	20.967741935483872	27.419354838709676	4.032258064516129
135.0	22.040816326530614	25.71428571428571	28.57142857142857	18.367346938775512	5.3061224489795915
136.0	30.833333333333336	20.416666666666668	24.166666666666668	18.333333333333332	6.25
137.0	18.907563025210084	22.268907563025213	28.57142857142857	22.268907563025213	7.9831932773109235
138.0	20.25862068965517	22.844827586206897	23.70689655172414	25.0	8.189655172413794
139.0	20.444444444444446	30.22222222222222	24.0	19.555555555555557	5.777777777777778
140.0	20.54794520547945	22.831050228310502	25.11415525114155	25.570776255707763	5.93607305936073
141.0	23.004694835680752	23.474178403755868	25.352112676056336	23.943661971830984	4.225352112676056
142.0	21.22641509433962	23.58490566037736	29.245283018867923	21.22641509433962	4.716981132075472
143.0	28.640776699029125	19.41747572815534	25.24271844660194	20.87378640776699	5.825242718446602
144.0	24.019607843137255	25.0	23.52941176470588	21.07843137254902	6.372549019607843
145.0	21.287128712871286	24.752475247524753	26.732673267326735	19.306930693069308	7.920792079207921
146.0	23.195876288659793	24.22680412371134	22.68041237113402	22.68041237113402	7.216494845360824
147.0	18.848167539267017	20.418848167539267	20.94240837696335	26.701570680628272	13.089005235602095
148.0	15.053763440860216	16.129032258064516	15.591397849462366	14.516129032258066	38.70967741935484
149.0	16.11111111111111	16.666666666666664	14.444444444444443	13.88888888888889	38.88888888888889
150.0	17.46987951807229	18.072289156626507	10.240963855421686	18.67469879518072	35.54216867469879
151.0	26.31578947368421	21.929824561403507	17.543859649122805	26.31578947368421	7.894736842105263
152.0	21.818181818181817	34.54545454545455	14.545454545454545	22.727272727272727	6.363636363636363
153.0	22.429906542056074	13.084112149532709	24.299065420560748	29.906542056074763	10.2803738317757
154.0	21.904761904761905	33.33333333333333	15.238095238095239	20.952380952380953	8.571428571428571
155.0	28.155339805825243	26.21359223300971	11.650485436893204	25.24271844660194	8.737864077669903
156.0	28.125	22.916666666666664	20.833333333333336	25.0	3.125
157.0	19.791666666666664	35.41666666666667	23.958333333333336	16.666666666666664	4.166666666666666
158.0	25.53191489361702	12.76595744680851	23.404255319148938	30.851063829787233	7.446808510638298
159.0	20.43010752688172	22.58064516129032	30.107526881720432	20.43010752688172	6.451612903225806
160.0	26.08695652173913	22.82608695652174	19.565217391304348	22.82608695652174	8.695652173913043
161.0	32.18390804597701	22.988505747126435	20.689655172413794	18.39080459770115	5.747126436781609
162.0	20.689655172413794	31.03448275862069	18.39080459770115	24.137931034482758	5.747126436781609
163.0	22.61904761904762	19.047619047619047	16.666666666666664	36.904761904761905	4.761904761904762
164.0	18.29268292682927	20.73170731707317	36.58536585365854	21.951219512195124	2.4390243902439024
165.0	29.268292682926827	35.36585365853659	18.29268292682927	13.414634146341465	3.6585365853658534
166.0	20.0	25.0	32.5	20.0	2.5
167.0	22.5	25.0	27.500000000000004	20.0	5.0
168.0	18.9873417721519	18.9873417721519	24.050632911392405	31.645569620253166	6.329113924050633
169.0	26.923076923076923	19.230769230769234	23.076923076923077	19.230769230769234	11.538461538461538
170.0	31.57894736842105	26.31578947368421	10.526315789473683	22.36842105263158	9.210526315789473
171.0	18.91891891891892	20.27027027027027	32.432432432432435	21.62162162162162	6.756756756756757
172.0	23.18840579710145	21.73913043478261	30.434782608695656	24.637681159420293	0.0
173.0	36.231884057971016	18.84057971014493	23.18840579710145	20.28985507246377	1.4492753623188406
174.0	27.536231884057973	24.637681159420293	14.492753623188406	24.637681159420293	8.695652173913043
175.0	24.637681159420293	17.391304347826086	21.73913043478261	23.18840579710145	13.043478260869565
176.0	29.411764705882355	22.058823529411764	23.52941176470588	11.76470588235294	13.23529411764706
177.0	28.57142857142857	17.46031746031746	30.158730158730158	15.873015873015872	7.936507936507936
178.0	23.333333333333332	10.0	30.0	33.33333333333333	3.3333333333333335
179.0	13.559322033898304	38.983050847457626	18.64406779661017	27.11864406779661	1.694915254237288
180.0	27.586206896551722	15.517241379310345	39.6551724137931	17.24137931034483	0.0
181.0	17.24137931034483	24.137931034482758	18.96551724137931	32.758620689655174	6.896551724137931
182.0	18.96551724137931	22.413793103448278	25.862068965517242	20.689655172413794	12.068965517241379
183.0	18.96551724137931	18.96551724137931	32.758620689655174	15.517241379310345	13.793103448275861
184.0	22.22222222222222	18.51851851851852	14.814814814814813	35.18518518518518	9.25925925925926
185.0	15.686274509803921	29.411764705882355	23.52941176470588	23.52941176470588	7.8431372549019605
186.0	22.0	24.0	26.0	16.0	12.0
187.0	42.857142857142854	10.204081632653061	12.244897959183673	20.408163265306122	14.285714285714285
188.0	27.659574468085108	21.27659574468085	10.638297872340425	10.638297872340425	29.78723404255319
189.0	13.636363636363635	15.909090909090908	22.727272727272727	20.454545454545457	27.27272727272727
190.0	11.904761904761903	30.952380952380953	7.142857142857142	21.428571428571427	28.57142857142857
191.0	33.33333333333333	21.21212121212121	12.121212121212121	15.151515151515152	18.181818181818183
192.0	15.625	9.375	28.125	25.0	21.875
193.0	20.0	23.333333333333332	20.0	20.0	16.666666666666664
194.0	11.11111111111111	33.33333333333333	18.51851851851852	29.629629629629626	7.4074074074074066
195.0	32.0	12.0	16.0	36.0	4.0
196.0	36.0	48.0	8.0	4.0	4.0
197.0	36.0	28.000000000000004	16.0	16.0	4.0
198.0	12.5	45.83333333333333	25.0	16.666666666666664	0.0
199.0	20.833333333333336	16.666666666666664	50.0	12.5	0.0
200.0	25.0	45.83333333333333	16.666666666666664	12.5	0.0
201.0	29.166666666666668	16.666666666666664	33.33333333333333	20.833333333333336	0.0
202.0	25.0	41.66666666666667	20.833333333333336	12.5	0.0
203.0	25.0	16.666666666666664	8.333333333333332	33.33333333333333	16.666666666666664
204.0	16.666666666666664	33.33333333333333	16.666666666666664	16.666666666666664	16.666666666666664
205.0	29.166666666666668	16.666666666666664	20.833333333333336	16.666666666666664	16.666666666666664
206.0	30.0	25.0	15.0	30.0	0.0
207.0	20.0	25.0	35.0	15.0	5.0
208.0	35.0	20.0	20.0	20.0	5.0
209.0	15.0	15.0	45.0	10.0	15.0
210.0	15.789473684210526	26.31578947368421	26.31578947368421	21.052631578947366	10.526315789473683
211.0	26.31578947368421	15.789473684210526	10.526315789473683	36.84210526315789	10.526315789473683
212.0	29.411764705882355	23.52941176470588	11.76470588235294	29.411764705882355	5.88235294117647
213.0	17.647058823529413	17.647058823529413	41.17647058823529	11.76470588235294	11.76470588235294
214.0	5.88235294117647	35.294117647058826	11.76470588235294	35.294117647058826	11.76470588235294
215.0	18.75	18.75	56.25	0.0	6.25
216.0	40.0	33.33333333333333	13.333333333333334	6.666666666666667	6.666666666666667
217.0	13.333333333333334	40.0	13.333333333333334	26.666666666666668	6.666666666666667
218.0	20.0	40.0	20.0	13.333333333333334	6.666666666666667
219.0	28.57142857142857	0.0	28.57142857142857	35.714285714285715	7.142857142857142
220.0	42.857142857142854	14.285714285714285	14.285714285714285	14.285714285714285	14.285714285714285
221.0	28.57142857142857	35.714285714285715	14.285714285714285	0.0	21.428571428571427
222.0	15.384615384615385	23.076923076923077	23.076923076923077	23.076923076923077	15.384615384615385
223.0	33.33333333333333	8.333333333333332	16.666666666666664	33.33333333333333	8.333333333333332
224.0	9.090909090909092	27.27272727272727	18.181818181818183	45.45454545454545	0.0
225.0	18.181818181818183	18.181818181818183	9.090909090909092	54.54545454545454	0.0
226.0	18.181818181818183	36.36363636363637	27.27272727272727	9.090909090909092	9.090909090909092
227.0	45.45454545454545	9.090909090909092	18.181818181818183	18.181818181818183	9.090909090909092
228.0	0.0	63.63636363636363	0.0	27.27272727272727	9.090909090909092
229.0	40.0	20.0	0.0	40.0	0.0
230.0	10.0	30.0	20.0	40.0	0.0
231.0	10.0	40.0	40.0	10.0	0.0
232.0	30.0	40.0	10.0	20.0	0.0
233.0	30.0	30.0	20.0	0.0	20.0
234.0	30.0	0.0	10.0	40.0	20.0
235.0	10.0	40.0	0.0	30.0	20.0
236.0	12.5	37.5	12.5	37.5	0.0
237.0	50.0	25.0	12.5	12.5	0.0
238.0	37.5	12.5	12.5	37.5	0.0
239.0	12.5	12.5	25.0	50.0	0.0
240.0	37.5	37.5	12.5	12.5	0.0
241.0	37.5	25.0	0.0	25.0	12.5
242.0	12.5	25.0	25.0	25.0	12.5
243.0	37.5	12.5	12.5	25.0	12.5
244.0	0.0	28.57142857142857	42.857142857142854	28.57142857142857	0.0
245.0	28.57142857142857	14.285714285714285	14.285714285714285	42.857142857142854	0.0
246.0	14.285714285714285	0.0	57.14285714285714	0.0	28.57142857142857
247.0	0.0	57.14285714285714	14.285714285714285	0.0	28.57142857142857
248.0	0.0	0.0	14.285714285714285	42.857142857142854	42.857142857142854
249.0	0.0	60.0	0.0	20.0	20.0
250.0	0.0	0.0	40.0	40.0	20.0
251.0	0.0	75.0	0.0	25.0	0.0
252.0	25.0	0.0	75.0	0.0	0.0
253.0	0.0	25.0	0.0	75.0	0.0
254.0	50.0	0.0	25.0	25.0	0.0
255.0	25.0	75.0	0.0	0.0	0.0
256.0	0.0	75.0	0.0	25.0	0.0
257.0	50.0	0.0	50.0	0.0	0.0
258.0	0.0	50.0	50.0	0.0	0.0
259.0	0.0	25.0	25.0	50.0	0.0
260.0	25.0	0.0	25.0	50.0	0.0
261.0	0.0	50.0	0.0	50.0	0.0
262.0	50.0	0.0	25.0	25.0	0.0
263.0	50.0	25.0	0.0	25.0	0.0
264.0	25.0	0.0	0.0	50.0	25.0
265.0	25.0	0.0	50.0	0.0	25.0
266.0	0.0	25.0	50.0	0.0	25.0
267.0	0.0	33.33333333333333	66.66666666666666	0.0	0.0
268.0	0.0	100.0	0.0	0.0	0.0
269.0	33.33333333333333	0.0	66.66666666666666	0.0	0.0
270.0	33.33333333333333	0.0	0.0	0.0	66.66666666666666
271.0	0.0	0.0	0.0	0.0	100.0
272.0	0.0	0.0	0.0	0.0	100.0
273.0	0.0	0.0	0.0	0.0	100.0
