# Position (bp)	A	C	G	T	N
0.0	27.758521086077415	21.374927787406122	21.634893125361064	29.231658001155402	0.0
1.0	25.736568457538993	20.01733102253033	24.985557481224728	29.173887926054302	0.08665511265164644
2.0	27.61409589832467	22.530329289428074	23.541305603697285	26.314269208549973	0.0
3.0	27.26747544771808	22.270363951473136	23.887926054303872	26.57423454650491	0.0
4.0	25.476603119584055	22.472559214326978	26.112073945696128	25.93876372039284	0.0
5.0	25.274407856730214	22.328134026574233	25.534373194685152	26.8630849220104	0.0
6.0	26.458694396302718	22.068168688619295	23.801270941652223	27.671865973425763	0.0
7.0	26.314269208549973	22.559214326978623	23.570190641247834	27.55632582322357	0.0
8.0	27.354130560369725	22.645869439630275	24.14789139225881	25.852108607741194	0.0
9.0	26.97862507221259	22.44367417677643	23.801270941652223	26.776429809358753	0.0
10.0	28.162911611785095	22.819179664933564	23.281340265742344	25.736568457538993	0.0
11.0	26.632004621606008	23.39688041594454	24.465626805314848	25.505488157134604	0.0
12.0	26.891969959560946	23.512420566146737	23.714615829000575	25.88099364529174	0.0
13.0	26.400924321201618	22.790294627383016	23.83015597920277	26.97862507221259	0.0
14.0	25.736568457538993	22.992489890236858	24.552281917966493	26.718659734257656	0.0
15.0	26.51646447140381	22.616984402079723	22.992489890236858	27.87406123627961	0.0
16.0	28.393991912189488	22.790294627383016	22.328134026574233	26.487579433853263	0.0
17.0	26.689774696707108	24.3789716926632	23.367995378393992	25.563258232235704	0.0
18.0	27.06528018486424	22.90583477758521	24.263431542461007	25.76545349508954	0.0
19.0	27.87406123627961	22.559214326978623	24.090121317157713	25.476603119584055	0.0
20.0	27.32524552281918	23.974581166955517	22.299248989023685	26.400924321201618	0.0
21.0	28.249566724436743	23.541305603697285	22.645869439630275	25.563258232235704	0.0
22.0	28.191796649335643	22.703639514731368	21.923743500866554	27.180820335066436	0.0
23.0	26.718659734257656	24.11900635470826	23.16580011554015	25.99653379549394	0.0
24.0	26.429809358752166	23.281340265742344	23.021374927787406	27.26747544771808	0.0
25.0	27.151935297515887	22.299248989023685	23.1369150779896	27.411900635470825	0.0
26.0	27.151935297515887	23.94569612940497	23.483535528596185	25.41883304448296	0.0
27.0	26.603119584055456	24.465626805314848	22.0103986135182	26.920854997111498	0.0
28.0	27.84517619872906	23.512420566146737	22.41478913922588	26.22761409589833	0.0
29.0	27.700751010976315	23.570190641247834	22.992489890236858	25.736568457538993	0.0
30.0	27.09677419354839	23.6950146627566	23.13782991202346	26.07038123167155	0.0
31.0	27.85523583506378	22.7825571047167	22.337585286265202	27.024621773954316	0.0
32.0	26.342788171394087	21.333735666867835	24.83403741701871	27.489438744719376	0.0
33.0	25.768757687576876	22.63222632226322	22.970479704797047	28.628536285362856	0.0
34.0	26.105919003115265	22.149532710280372	23.707165109034268	28.037383177570092	0.0
35.0	26.52545052165666	23.74328169459374	23.300663926651914	26.43060385709769	0.0
36.0	28.32906530089629	22.471190781049934	21.44686299615877	27.752880921895006	0.0
37.0	28.784925276153345	22.319688109161792	20.435347628330085	28.460038986354775	0.0
38.0	25.90759075907591	23.63036303630363	23.06930693069307	27.39273927392739	0.0
39.0	27.364185110663986	22.43460764587525	22.065727699530516	28.13547954393025	0.0
40.0	27.13310580204778	22.764505119453926	21.5358361774744	28.56655290102389	0.0
41.0	27.071823204419886	22.92817679558011	23.34254143646409	26.65745856353591	0.0
42.0	26.494232785739253	21.880461377140858	22.859140160782943	28.766165676336946	0.0
43.0	28.080736543909346	23.441926345609065	21.175637393767705	27.301699716713877	0.0
44.0	24.286230574629563	25.081315504156127	23.057462956270328	27.574990964943986	0.0
45.0	27.292817679558013	22.504604051565376	21.988950276243095	28.213627992633516	0.0
46.0	26.72413793103448	23.238380809595203	21.81409295352324	28.223388305847074	0.0
47.0	26.138538078836586	23.230003827018752	23.076923076923077	27.554535017221582	0.0
48.0	29.333852746396573	23.49045578496299	20.997273081417998	26.17841838722244	0.0
49.0	28.741092636579573	22.050673000791765	21.575613618368962	27.6326207442597	0.0
50.0	28.25040128410915	22.351524879614768	21.669341894060995	27.72873194221509	0.0
51.0	25.653594771241828	23.325163398692812	23.161764705882355	27.85947712418301	0.0
52.0	26.049023680930617	23.72247611134192	21.022019110926465	29.206481096800996	0.0
53.0	27.608142493638677	23.324851569126377	22.561492790500424	26.505513146734522	0.0
54.0	27.323580034423404	23.450946643717728	21.987951807228914	27.237521514629947	0.0
55.0	25.921052631578945	21.052631578947366	23.333333333333332	29.69298245614035	0.0
56.0	25.044642857142858	23.214285714285715	23.30357142857143	28.4375	0.0
57.0	26.812585499316004	23.803009575923394	20.24623803009576	29.138166894664842	0.0
58.0	28.631090487238982	22.041763341067284	22.134570765661252	27.192575406032482	0.0
59.0	27.767175572519083	23.330152671755723	23.330152671755723	25.572519083969464	0.0
60.0	27.63440860215054	23.655913978494624	20.0	28.70967741935484	0.0
61.0	29.444444444444446	20.22222222222222	21.333333333333336	28.999999999999996	0.0
62.0	28.157589803012744	23.059096176129778	19.351100811123985	29.432213209733487	0.0
63.0	29.39024390243902	21.829268292682926	18.414634146341463	30.365853658536583	0.0
64.0	30.15267175572519	19.59287531806616	19.59287531806616	30.661577608142494	0.0
65.0	27.22371967654987	21.024258760107816	20.350404312668463	31.40161725067385	0.0
66.0	28.24858757062147	22.74011299435028	18.07909604519774	30.93220338983051	0.0
67.0	26.923076923076923	19.37869822485207	22.781065088757398	30.917159763313613	0.0
68.0	28.680981595092025	20.398773006134967	21.932515337423315	28.987730061349694	0.0
69.0	28.434504792332266	21.24600638977636	21.72523961661342	28.594249201277954	0.0
70.0	29.222972972972972	20.43918918918919	18.58108108108108	31.756756756756754	0.0
71.0	27.142857142857142	21.071428571428573	18.21428571428571	33.57142857142857	0.0
72.0	28.385899814471244	20.964749536178108	18.738404452690165	31.910946196660483	0.0
73.0	27.865612648221344	18.379446640316203	20.55335968379447	33.201581027667984	0.0
74.0	26.458333333333332	21.666666666666668	19.375	32.5	0.0
75.0	27.472527472527474	19.340659340659343	22.857142857142858	30.32967032967033	0.0
76.0	30.94688221709007	22.170900692840647	19.630484988452658	27.25173210161663	0.0
77.0	25.970873786407765	20.87378640776699	21.844660194174757	31.31067961165049	0.0
78.0	28.60824742268041	21.1340206185567	19.329896907216497	30.927835051546392	0.0
79.0	31.57894736842105	19.667590027700832	19.667590027700832	29.085872576177284	0.0
80.0	30.08849557522124	16.224188790560472	23.303834808259587	30.383480825958703	0.0
81.0	21.68284789644013	23.948220064724918	22.330097087378643	32.038834951456316	0.0
82.0	32.5503355704698	22.14765100671141	18.456375838926174	26.845637583892618	0.0
83.0	33.33333333333333	20.07168458781362	16.129032258064516	30.46594982078853	0.0
84.0	30.943396226415093	19.622641509433965	26.037735849056602	23.39622641509434	0.0
85.0	33.46456692913386	19.291338582677163	15.748031496062993	31.496062992125985	0.0
86.0	25.102880658436217	23.456790123456788	25.925925925925924	25.514403292181072	0.0
87.0	33.047210300429185	21.888412017167383	16.30901287553648	28.75536480686695	0.0
88.0	25.675675675675674	22.52252252252252	17.117117117117118	34.68468468468468	0.0
89.0	32.0	18.0	19.0	31.0	0.0
90.0	34.21052631578947	17.36842105263158	18.421052631578945	30.0	0.0
91.0	27.27272727272727	19.318181818181817	22.727272727272727	30.681818181818183	0.0
92.0	33.532934131736525	18.562874251497004	16.16766467065868	31.736526946107784	0.0
93.0	26.973684210526315	21.052631578947366	16.447368421052634	35.526315789473685	0.0
94.0	28.87323943661972	19.014084507042252	19.014084507042252	33.098591549295776	0.0
95.0	30.53435114503817	22.137404580152673	22.900763358778626	24.427480916030532	0.0
96.0	40.0	12.5	26.666666666666668	20.833333333333336	0.0
97.0	33.9622641509434	17.92452830188679	18.867924528301888	29.245283018867923	0.0
98.0	29.03225806451613	21.50537634408602	22.58064516129032	26.881720430107524	0.0
99.0	31.818181818181817	22.727272727272727	17.045454545454543	28.40909090909091	0.0
100.0	25.333333333333336	16.0	25.333333333333336	33.33333333333333	0.0
101.0	32.8125	18.75	14.0625	34.375	0.0
102.0	11.864406779661017	25.423728813559322	10.16949152542373	52.54237288135594	0.0
103.0	31.25	16.666666666666664	22.916666666666664	29.166666666666668	0.0
104.0	38.095238095238095	14.285714285714285	9.523809523809524	38.095238095238095	0.0
105.0	32.25806451612903	16.129032258064516	12.903225806451612	38.70967741935484	0.0
106.0	29.166666666666668	25.0	12.5	33.33333333333333	0.0
107.0	21.428571428571427	14.285714285714285	21.428571428571427	42.857142857142854	0.0
108.0	0.0	14.285714285714285	28.57142857142857	57.14285714285714	0.0
