# Position (bp)	A	C	G	T	N
0.0	0.0	0.0	0.0	0.0	100.0
1.0	0.0	0.0	0.0	0.0	100.0
2.0	0.0	0.0	0.0	0.0	100.0
3.0	26.144658261446587	21.964167219641674	22.318071223180713	29.573103295731034	0.0
4.0	26.808228268082285	21.0130502101305	23.357664233576642	28.82105728821057	0.0
5.0	27.095775270957752	21.41119221411192	22.7825702278257	28.710462287104622	0.0
6.0	26.830347268303473	21.366954213669544	23.534616235346164	28.268082282680822	0.0
7.0	26.321610263216105	23.158593231585932	22.207476222074764	28.312320283123206	0.0
8.0	25.83499225834992	23.114355231143552	22.915284229152842	28.135368281353685	0.0
9.0	26.233134262331344	22.738332227383324	23.534616235346164	27.49391727493917	0.0
10.0	25.94558725945587	23.667330236673305	22.318071223180713	28.069011280690116	0.0
11.0	27.582393275823936	22.052643220526434	23.490378234903783	26.874585268745854	0.0
12.0	24.70692324706923	20.017695200176952	22.7825702278257	27.2063702720637	5.286441052864411
13.0	23.755806237558062	20.637027206370274	20.48219420482194	23.645211236452113	11.479761114797611
14.0	22.472904224729042	17.27493917274939	18.447246184472462	23.822163238221634	17.98274717982747
15.0	23.073330219523587	18.636151331153666	17.094815506772537	23.306865950490423	17.888836992059783
16.0	22.938530734632685	18.015992003998	19.640179910044978	24.387806096951525	15.017491254372814
17.0	24.541531823085222	19.714131607335492	19.82200647249191	26.1866235167206	9.735706580366775
18.0	27.076222980659843	21.046643913538112	20.591581342434583	25.62571103526735	5.6598407281001135
19.0	26.698029991179066	19.11202587474272	20.317553660688034	25.139664804469277	8.732725668920907
20.0	24.917836868837764	19.330743949805797	19.211233940842547	26.262324469674336	10.277860770839558
21.0	25.625565269822125	19.17395236659632	20.07838408200181	23.48507687669581	11.637021404883932
22.0	26.449742268041238	21.391752577319586	20.070876288659793	25.257731958762886	6.829896907216495
23.0	28.704628704628703	19.34731934731935	19.913419913419915	27.605727605727605	4.428904428904429
24.0	27.533265097236438	21.323780279768	19.993176390310474	28.522688502217676	2.6270897304674174
25.0	29.495159059474414	20.78146611341632	20.15905947441217	27.627939142461965	1.9363762102351314
26.0	27.630662020905923	23.554006968641115	21.0801393728223	25.78397212543554	1.951219512195122
27.0	28.13594954449895	22.494744218640506	19.51646811492642	27.890679747722498	1.9621583742116329
28.0	27.856135401974612	20.16925246826516	19.217207334273624	30.641748942172075	2.1156558533145273
29.0	27.114427860696516	20.966595593461264	19.580668088130775	30.09950248756219	2.2388059701492535
30.0	28.41315225160829	20.621872766261614	21.80128663330951	26.447462473195138	2.7162258756254465
31.0	27.16138328530259	23.12680115273775	20.497118155619596	26.332853025936597	2.881844380403458
32.0	28.353326063249728	20.974191203198835	19.265721555797892	28.46237731733915	2.9443838604143946
33.0	28.9860396767083	21.08743570903747	18.69948567229978	27.883908890521674	3.3431300514327704
34.0	26.483679525222552	20.919881305637983	20.660237388724035	28.41246290801187	3.523738872403561
35.0	27.340823970037455	21.423220973782772	19.02621722846442	28.46441947565543	3.7453183520599254
36.0	27.404028886354997	19.27023945267959	20.600532117065754	29.304446978335235	3.4207525655644244
37.0	28.373702422145332	20.530565167243367	20.146097654748175	27.604767397154937	3.3448673587081887
38.0	29.53307392996109	19.844357976653697	20.07782101167315	27.08171206225681	3.463035019455253
39.0	26.1314443132625	21.29083038173947	20.425029515938604	28.059818968909877	4.092876820149548
40.0	27.88385043754972	20.445505171042164	19.09307875894988	27.3667462211615	5.210819411296738
41.0	28.738411930673113	19.306731156791614	19.185812172511085	27.08585247883918	5.683192261185006
42.0	28.067295855560115	20.640131308986458	17.275338530980715	27.903159622486662	6.1140746819860485
43.0	29.164918170373475	18.380193033990768	19.051615610574906	27.06672261854805	6.336550566512798
44.0	29.273504273504276	19.35897435897436	19.102564102564102	25.726495726495724	6.538461538461539
45.0	27.316433566433567	19.055944055944053	18.96853146853147	28.234265734265733	6.424825174825174
46.0	28.85304659498208	19.53405017921147	18.45878136200717	26.7921146953405	6.362007168458781
47.0	27.343392775491544	20.53040695016004	18.975765889346135	26.474622770919066	6.675811614083218
48.0	29.23867351704811	18.496029892573564	17.888836992059783	27.510509107893512	6.8659504904250355
49.0	25.358851674641148	18.086124401913874	19.23444976076555	30.38277511961722	6.937799043062201
50.0	29.103380695737386	18.275355218030377	18.912297893189614	26.45761881430671	7.251347378735913
51.0	30.19057171514544	19.408224674022065	16.850551654964896	26.178535606820464	7.3721163490471415
52.0	28.997429305912597	20.154241645244216	17.583547557840618	26.221079691516707	7.043701799485862
53.0	27.839408346539884	18.858954041204438	19.75699947173798	27.099841521394612	6.4447966191230845
54.0	28.803465078505685	17.81266919328641	20.682187330806716	26.475365457498647	6.226312939902544
55.0	27.1570796460177	19.690265486725664	19.690265486725664	26.935840707964605	6.526548672566372
56.0	28.458498023715418	20.271033314511573	19.480519480519483	24.84472049689441	6.945228684359119
57.0	28.868360277136258	19.51501154734411	16.224018475750576	27.48267898383372	7.909930715935334
58.0	28.343195266272193	19.881656804733726	14.733727810650887	27.928994082840237	9.112426035502958
59.0	27.973300970873787	19.114077669902912	17.83980582524272	25.485436893203882	9.587378640776699
60.0	27.64890282131661	17.36677115987461	16.865203761755485	28.589341692789972	9.529780564263323
61.0	25.5859375	19.270833333333336	18.1640625	28.059895833333332	8.919270833333332
62.0	29.12751677852349	17.91946308724832	16.375838926174495	27.78523489932886	8.791946308724832
63.0	29.38322938322938	16.90921690921691	16.839916839916842	27.927927927927925	8.93970893970894
64.0	27.80557541100786	17.369549678341674	14.939242315939957	29.52108649035025	10.364546104360258
65.0	28.03532008830022	17.80721118469463	17.29212656364974	26.269315673289185	10.596026490066226
66.0	24.50532724505327	18.41704718417047	17.65601217656012	28.538812785388128	10.882800608828006
67.0	28.149920255183414	15.629984051036683	18.660287081339714	28.22966507177033	9.330143540669857
68.0	29.7119341563786	17.28395061728395	17.77777777777778	26.008230452674898	9.218106995884774
69.0	27.070879590093938	17.16481639624253	18.78736122971819	28.095644748078563	8.88129803586678
70.0	28.32014072119613	18.46965699208443	17.41424802110818	27.088830255057168	8.70712401055409
71.0	29.646418857660922	17.1350861287398	16.228467815049864	27.923844061650044	9.066183136899365
72.0	29.990627928772255	15.932521087160262	16.682286785379567	28.959700093720713	8.434864104967197
73.0	30.924855491329478	17.82273603082852	15.703275529865124	27.167630057803464	8.38150289017341
74.0	30.608175473579262	16.550348953140578	15.254237288135593	30.109670987038882	7.477567298105684
75.0	28.966223132036852	19.651995905834184	15.660184237461616	28.04503582395087	7.6765609007164795
76.0	29.652996845425868	15.036803364879075	17.665615141955836	30.07360672975815	7.570977917981073
77.0	30.81896551724138	16.056034482758623	16.271551724137932	29.52586206896552	7.327586206896551
78.0	28.713968957871394	18.29268292682927	16.62971175166297	29.60088691796009	6.762749445676275
79.0	29.92036405005688	17.4061433447099	17.064846416382252	28.896473265073947	6.71217292377702
80.0	30.116279069767444	19.186046511627907	16.511627906976745	27.209302325581397	6.976744186046512
81.0	29.607609988109395	17.59809750297265	15.81450653983353	28.894173602853744	8.085612366230679
82.0	27.5609756097561	15.853658536585366	17.195121951219512	30.609756097560975	8.780487804878048
83.0	28.875	15.25	17.25	29.125	9.5
84.0	30.142302716688228	15.39456662354463	15.653298835705046	30.53040103492885	8.279430789133247
85.0	27.00534759358289	17.780748663101605	16.577540106951872	30.614973262032088	8.02139037433155
86.0	31.906077348066297	17.67955801104972	14.226519337016574	29.005524861878452	7.18232044198895
87.0	32.15796897038082	13.822284908321581	15.796897038081806	30.32440056417489	7.898448519040903
88.0	28.488372093023255	15.988372093023257	19.476744186046513	28.63372093023256	7.412790697674419
89.0	33.18452380952381	17.857142857142858	15.327380952380953	27.232142857142854	6.398809523809524
90.0	31.08728943338438	17.611026033690656	16.079632465543643	28.94333843797856	6.278713629402756
91.0	30.612244897959183	17.26844583987441	15.541601255886969	28.728414442700156	7.849293563579278
92.0	28.139904610492845	14.308426073131955	18.91891891891892	29.252782193958666	9.379968203497615
93.0	29.08496732026144	19.28104575163399	14.215686274509803	28.104575163398692	9.313725490196079
94.0	30.664395229982965	15.332197614991482	17.206132879045995	29.131175468483818	7.666098807495741
95.0	31.2280701754386	18.24561403508772	15.6140350877193	26.49122807017544	8.421052631578947
96.0	33.693693693693696	16.756756756756758	14.414414414414415	27.927927927927925	7.207207207207207
97.0	33.39483394833948	17.15867158671587	15.129151291512915	26.199261992619927	8.118081180811808
98.0	29.50191570881226	12.260536398467432	10.727969348659004	23.946360153256705	23.563218390804597
99.0	26.796116504854368	14.174757281553399	10.679611650485436	21.553398058252426	26.796116504854368
100.0	25.702811244979916	11.847389558232932	10.040160642570282	24.899598393574294	27.510040160642568
101.0	28.82205513784461	16.541353383458645	14.536340852130325	28.57142857142857	11.528822055137844
102.0	33.687002652519894	15.119363395225463	15.649867374005305	25.9946949602122	9.549071618037134
103.0	24.37673130193906	14.681440443213297	15.23545706371191	35.45706371191136	10.249307479224377
104.0	25.495750708215297	15.864022662889518	15.01416430594901	31.1614730878187	12.464589235127479
105.0	27.27272727272727	17.008797653958943	14.66275659824047	29.61876832844575	11.436950146627565
106.0	33.95061728395062	12.962962962962962	15.432098765432098	28.08641975308642	9.5679012345679
107.0	35.275080906148865	15.857605177993527	13.592233009708737	27.508090614886733	7.766990291262135
108.0	30.4635761589404	16.887417218543046	14.90066225165563	30.132450331125828	7.6158940397351
109.0	29.351535836177472	17.4061433447099	13.310580204778159	30.034129692832767	9.897610921501707
110.0	33.33333333333333	17.543859649122805	15.087719298245613	23.50877192982456	10.526315789473683
111.0	31.899641577060933	16.129032258064516	14.695340501792115	26.16487455197133	11.11111111111111
112.0	29.545454545454547	21.59090909090909	9.848484848484848	28.78787878787879	10.227272727272728
113.0	36.470588235294116	16.470588235294116	7.8431372549019605	30.58823529411765	8.627450980392156
114.0	30.241935483870968	13.306451612903224	16.532258064516128	29.838709677419356	10.080645161290322
115.0	29.957805907172997	21.09704641350211	16.455696202531644	23.20675105485232	9.282700421940929
116.0	29.613733905579398	14.163090128755366	13.733905579399142	30.472103004291846	12.017167381974248
117.0	30.04484304932735	15.246636771300448	15.695067264573993	26.905829596412556	12.10762331838565
118.0	29.767441860465116	15.813953488372093	14.418604651162791	26.976744186046513	13.023255813953488
119.0	27.31707317073171	18.536585365853657	14.634146341463413	29.756097560975608	9.75609756097561
120.0	32.6530612244898	16.83673469387755	13.77551020408163	26.02040816326531	10.714285714285714
121.0	30.481283422459892	14.973262032085561	13.368983957219251	31.016042780748666	10.16042780748663
122.0	27.027027027027028	15.675675675675677	19.45945945945946	27.027027027027028	10.81081081081081
123.0	30.857142857142854	16.57142857142857	14.857142857142858	27.42857142857143	10.285714285714285
124.0	27.976190476190478	19.047619047619047	16.071428571428573	27.380952380952383	9.523809523809524
125.0	29.09090909090909	14.545454545454545	15.757575757575756	29.09090909090909	11.515151515151516
126.0	33.75796178343949	14.012738853503185	15.92356687898089	23.56687898089172	12.738853503184714
127.0	28.289473684210524	15.131578947368421	12.5	30.263157894736842	13.815789473684212
128.0	30.82191780821918	18.493150684931507	12.32876712328767	25.34246575342466	13.013698630136986
129.0	29.1970802919708	17.51824817518248	16.05839416058394	29.1970802919708	8.02919708029197
130.0	32.82442748091603	15.267175572519085	16.793893129770993	26.717557251908396	8.396946564885496
131.0	28.346456692913385	16.535433070866144	12.598425196850393	33.07086614173229	9.448818897637794
132.0	29.365079365079367	20.634920634920633	14.285714285714285	23.809523809523807	11.904761904761903
133.0	28.333333333333332	14.166666666666666	18.333333333333332	27.500000000000004	11.666666666666666
134.0	25.217391304347824	13.91304347826087	17.391304347826086	28.695652173913043	14.782608695652174
135.0	36.03603603603604	18.91891891891892	13.513513513513514	17.117117117117118	14.414414414414415
136.0	24.528301886792452	15.09433962264151	8.49056603773585	38.67924528301887	13.20754716981132
137.0	29.591836734693878	17.346938775510203	13.26530612244898	28.57142857142857	11.224489795918368
138.0	27.368421052631582	16.842105263157894	13.684210526315791	27.368421052631582	14.736842105263156
139.0	25.0	15.217391304347828	14.130434782608695	31.521739130434785	14.130434782608695
140.0	26.436781609195403	12.643678160919542	21.839080459770116	27.586206896551722	11.494252873563218
141.0	19.753086419753085	19.753086419753085	18.51851851851852	34.5679012345679	7.4074074074074066
142.0	27.848101265822784	13.924050632911392	15.18987341772152	37.9746835443038	5.063291139240507
143.0	36.36363636363637	10.38961038961039	20.77922077922078	29.87012987012987	2.5974025974025974
144.0	34.66666666666667	24.0	16.0	25.333333333333336	0.0
145.0	30.666666666666664	16.0	16.0	32.0	5.333333333333334
146.0	40.0	13.333333333333334	9.333333333333334	29.333333333333332	8.0
147.0	37.333333333333336	14.666666666666666	4.0	34.66666666666667	9.333333333333334
148.0	35.2112676056338	15.492957746478872	15.492957746478872	25.352112676056336	8.450704225352112
149.0	30.434782608695656	8.695652173913043	21.73913043478261	33.33333333333333	5.797101449275362
150.0	33.82352941176471	17.647058823529413	13.23529411764706	30.88235294117647	4.411764705882353
151.0	40.0	12.307692307692308	20.0	24.615384615384617	3.076923076923077
152.0	30.76923076923077	13.846153846153847	21.53846153846154	26.153846153846157	7.6923076923076925
153.0	27.692307692307693	27.692307692307693	13.846153846153847	23.076923076923077	7.6923076923076925
154.0	33.33333333333333	12.698412698412698	17.46031746031746	30.158730158730158	6.349206349206349
155.0	35.0	16.666666666666664	15.0	26.666666666666668	6.666666666666667
156.0	20.0	16.666666666666664	26.666666666666668	20.0	16.666666666666664
157.0	33.89830508474576	6.779661016949152	11.864406779661017	27.11864406779661	20.33898305084746
158.0	21.428571428571427	12.5	21.428571428571427	28.57142857142857	16.071428571428573
159.0	32.0	6.0	18.0	34.0	10.0
160.0	29.78723404255319	12.76595744680851	10.638297872340425	34.04255319148936	12.76595744680851
161.0	23.404255319148938	12.76595744680851	17.02127659574468	23.404255319148938	23.404255319148938
162.0	24.444444444444443	13.333333333333334	20.0	17.77777777777778	24.444444444444443
163.0	31.70731707317073	14.634146341463413	14.634146341463413	14.634146341463413	24.390243902439025
164.0	30.555555555555557	16.666666666666664	13.88888888888889	22.22222222222222	16.666666666666664
165.0	41.17647058823529	8.823529411764707	8.823529411764707	17.647058823529413	23.52941176470588
166.0	25.806451612903224	12.903225806451612	16.129032258064516	19.35483870967742	25.806451612903224
167.0	30.0	3.3333333333333335	20.0	16.666666666666664	30.0
168.0	19.230769230769234	11.538461538461538	11.538461538461538	38.46153846153847	19.230769230769234
169.0	13.043478260869565	8.695652173913043	39.130434782608695	26.08695652173913	13.043478260869565
170.0	14.285714285714285	4.761904761904762	38.095238095238095	33.33333333333333	9.523809523809524
171.0	33.33333333333333	9.523809523809524	9.523809523809524	28.57142857142857	19.047619047619047
172.0	30.0	5.0	10.0	25.0	30.0
173.0	21.052631578947366	5.263157894736842	5.263157894736842	36.84210526315789	31.57894736842105
174.0	29.411764705882355	11.76470588235294	5.88235294117647	17.647058823529413	35.294117647058826
175.0	35.714285714285715	0.0	7.142857142857142	35.714285714285715	21.428571428571427
176.0	30.76923076923077	15.384615384615385	0.0	38.46153846153847	15.384615384615385
177.0	36.36363636363637	0.0	18.181818181818183	36.36363636363637	9.090909090909092
178.0	45.45454545454545	0.0	18.181818181818183	9.090909090909092	27.27272727272727
179.0	45.45454545454545	0.0	9.090909090909092	18.181818181818183	27.27272727272727
180.0	40.0	10.0	10.0	20.0	20.0
181.0	37.5	12.5	12.5	37.5	0.0
182.0	37.5	12.5	0.0	50.0	0.0
183.0	50.0	0.0	0.0	37.5	12.5
184.0	12.5	12.5	25.0	12.5	37.5
185.0	0.0	12.5	12.5	25.0	50.0
186.0	0.0	0.0	14.285714285714285	0.0	85.71428571428571
187.0	0.0	0.0	20.0	0.0	80.0
188.0	0.0	0.0	0.0	25.0	75.0
189.0	0.0	0.0	100.0	0.0	0.0
190.0	100.0	0.0	0.0	0.0	0.0
191.0	100.0	0.0	0.0	0.0	0.0
192.0	0.0	0.0	100.0	0.0	0.0
193.0	0.0	0.0	0.0	100.0	0.0
194.0	0.0	0.0	0.0	100.0	0.0
195.0	0.0	100.0	0.0	0.0	0.0
196.0	0.0	0.0	0.0	100.0	0.0
197.0	100.0	0.0	0.0	0.0	0.0
198.0	0.0	0.0	0.0	100.0	0.0
199.0	0.0	100.0	0.0	0.0	0.0
200.0	0.0	0.0	100.0	0.0	0.0
201.0	0.0	0.0	100.0	0.0	0.0
202.0	100.0	0.0	0.0	0.0	0.0
203.0	0.0	0.0	0.0	100.0	0.0
204.0	0.0	0.0	0.0	100.0	0.0
205.0	100.0	0.0	0.0	0.0	0.0
206.0	0.0	0.0	0.0	100.0	0.0
207.0	100.0	0.0	0.0	0.0	0.0
208.0	0.0	100.0	0.0	0.0	0.0
209.0	0.0	0.0	0.0	100.0	0.0
210.0	0.0	0.0	100.0	0.0	0.0
211.0	100.0	0.0	0.0	0.0	0.0
212.0	100.0	0.0	0.0	0.0	0.0
213.0	0.0	0.0	100.0	0.0	0.0
214.0	100.0	0.0	0.0	0.0	0.0
215.0	100.0	0.0	0.0	0.0	0.0
216.0	0.0	100.0	0.0	0.0	0.0
217.0	100.0	0.0	0.0	0.0	0.0
218.0	100.0	0.0	0.0	0.0	0.0
219.0	0.0	0.0	0.0	100.0	0.0
220.0	0.0	0.0	0.0	100.0	0.0
221.0	100.0	0.0	0.0	0.0	0.0
222.0	0.0	100.0	0.0	0.0	0.0
223.0	0.0	0.0	100.0	0.0	0.0
224.0	0.0	0.0	0.0	100.0	0.0
225.0	100.0	0.0	0.0	0.0	0.0
226.0	100.0	0.0	0.0	0.0	0.0
227.0	100.0	0.0	0.0	0.0	0.0
228.0	0.0	0.0	0.0	0.0	100.0
229.0	0.0	0.0	0.0	0.0	100.0
230.0	0.0	0.0	0.0	0.0	100.0
