# Position (bp)	A	C	G	T	N
0.0	0.0	0.0	0.0	0.0	100.0
1.0	0.0	0.0	0.0	0.0	100.0
2.0	0.0	0.0	0.0	0.0	100.0
3.0	23.51605022928899	25.61179445420649	26.173231046157802	24.69892427034672	0.0
4.0	23.906055800797155	25.320361719453132	25.87322676038229	24.900355719367422	0.0
5.0	24.720353147902113	23.666052372176747	26.768953842197746	24.844640637723394	0.0
6.0	24.887498392834186	24.313204474349632	26.284661209445847	24.514635923370335	0.0
7.0	24.32606180088287	25.230360433720485	25.616080229717568	24.82749753567908	0.0
8.0	24.077486821240303	24.248917841683454	26.768953842197746	24.904641494878497	0.0
9.0	23.901770025286076	24.951785025500364	27.18895984228346	23.9574851069301	0.0
10.0	24.488921270303862	25.384648352119317	25.830369005271503	24.29606137230532	0.0
11.0	24.668923841769168	24.917498821411733	26.160373719624562	24.253203617194533	0.0
12.0	23.760339433420476	24.35606222946042	25.251789311275875	23.558907984399777	3.072901041443449
13.0	23.147473535336218	22.898898555693652	23.331761882312605	23.233189045557793	7.388676981099731
14.0	21.266018085972657	21.771739596279946	22.148887841254876	21.68602408605837	13.12733039043415
15.0	21.00282985496993	21.45383799080297	22.475238769013085	20.993986558188894	14.074106827025116
16.0	21.01439215141839	21.981581748345597	22.499884307464484	21.657642648896296	12.846499143875237
17.0	22.308830784410457	23.206709422792304	23.823384311790825	21.98815984213123	8.672915638875185
18.0	23.048422785982606	24.91123346884166	23.56301137240776	22.713940204806256	5.763392167961714
19.0	21.727818191472416	23.70307439069718	23.272978282801464	21.20214517071099	10.093983964317953
20.0	20.67847882454624	23.07152117545376	22.731201382886777	20.381374243733795	13.13742437337943
21.0	20.171462895211054	23.120187844700485	22.847157756784796	18.7626276415661	15.098563861737563
22.0	21.019371604063313	24.492085991022915	23.871958421922987	20.257500590597687	10.359083392393103
23.0	22.008706467661693	25.12437810945274	24.378109452736318	21.486318407960198	7.002487562189056
24.0	22.118600463082068	25.996912786210448	25.045021867764344	21.912786210445073	4.9266786724980705
25.0	22.782975359072342	26.30781394123073	25.108709974963762	22.196600342601133	3.603900382132033
26.0	22.44215594489769	26.25384512505015	25.504881637020194	22.656145512906246	3.142971780125719
27.0	22.405628467054527	26.33608442700582	25.395751589771344	22.825057502367745	3.0374780138005684
28.0	22.671040940468867	26.143120770965755	25.95858109493541	22.014899870138745	3.2123573234912177
29.0	22.618061309030654	26.277271471969073	25.36592101629384	22.40403203534935	3.3347141673570837
30.0	22.28423916835275	26.282006558292053	25.41687015977116	22.49354636154329	3.523337752040745
31.0	23.035096391497774	25.61259798036862	25.195960737236074	22.335993220817738	3.8203516700797966
32.0	22.4198271552032	25.82672666238126	25.126776658810083	22.426969502178416	4.199700021427041
33.0	21.93375759328898	25.86780445472953	25.072317037894127	22.519525600231415	4.606595313855944
34.0	21.74743024963289	26.30690161527166	24.831130690161526	22.32745961820852	4.787077826725404
35.0	22.21725191977932	25.44546335644524	24.722284351002756	22.806232759263402	4.808767613509282
36.0	22.105981350921084	25.388522477446745	24.96399059965128	22.924721400955196	4.616784171025699
37.0	22.123689080814312	25.940777297964217	24.560456508328194	22.848550277606417	4.52652683528686
38.0	22.023809523809522	25.712719298245613	24.412593984962406	23.402255639097742	4.448621553884712
39.0	21.244635193133046	26.092831028453347	24.70195517405818	22.134795739945954	5.825782864409474
40.0	20.919150310960344	26.379129311041112	23.988369275502784	21.7833777562394	6.92997334625636
41.0	21.229508196721312	25.016393442622952	23.008196721311474	22.008196721311478	8.737704918032787
42.0	19.94261119081779	24.829099502067685	24.04422314119335	22.533547134779305	8.650519031141869
43.0	20.593595417859934	25.245161850212618	23.39668489108739	21.48745986288293	9.277097977957128
44.0	20.432908209089277	25.318843183042933	23.72013651877133	21.807077420513743	8.72103466858272
45.0	20.68551367331855	25.009238728750926	23.66038433111604	21.600147819660016	9.044715447154472
46.0	20.661947579873733	24.69867993112684	23.64645111918883	21.819399273005548	9.173522096805051
47.0	20.732067302961724	25.346846403620976	23.10341434615763	21.155170717307882	9.662501229951786
48.0	19.898425596749618	25.190452006094468	22.9862874555612	21.59471813103098	10.330116810563737
49.0	20.537124802527646	25.19220642443391	22.812006319115323	21.158504476040022	10.300157977883098
50.0	21.032567258468575	23.842718658098246	22.916893584576844	21.751443197908724	10.456377300947608
51.0	19.755323969188947	25.056637970095153	23.278205709107386	21.5677390122338	10.342093339374717
52.0	20.07749207467418	25.04402958788306	23.34155218973817	21.32206175883527	10.21486438886932
53.0	19.778615740177592	25.665977375015203	22.710132587276487	21.359931881766208	10.485342415764505
54.0	20.505369551484524	24.6367656348705	22.766898294377764	21.71825647504738	10.372710044219836
55.0	19.863998953838106	24.859421995553813	22.387864522034782	21.734013338564143	11.154701190009154
56.0	20.029895366218238	24.921864383747792	22.666123114553606	21.116999592335915	11.265117543144449
57.0	20.045108542430224	24.6828305610375	23.62559909782915	20.58077248378912	11.065689314914012
58.0	19.237562555195762	25.566676479246393	23.80041212834854	20.85663821018546	10.538710627023844
59.0	19.647779479326186	25.329249617151607	22.771822358346093	22.22052067381317	10.03062787136294
60.0	20.970042796005707	24.282770645110162	22.90378823902362	21.572356950388333	10.271041369472183
61.0	19.94076999012833	23.675551168147415	23.708456729187233	20.56597564988483	12.10924646265219
62.0	19.625531914893617	23.5063829787234	21.889361702127662	19.45531914893617	15.523404255319148
63.0	18.00035329447094	22.8404875463699	21.6392863451687	19.148560325030914	18.37131248895955
64.0	19.150131037064767	23.4556345937851	19.356046424560088	19.393485585922875	18.644702358667164
65.0	18.678218819262543	23.050574249445898	20.471489018738666	19.846866814426757	17.952851098126132
66.0	18.437567626054964	24.431941138281758	21.597056914087858	18.19952391257304	17.33391040900238
67.0	16.88909341923608	23.285780027611597	22.158306488725266	20.20248504371836	17.4643350207087
68.0	17.706286836935167	23.845776031434184	20.677799607072693	19.646365422396855	18.1237721021611
69.0	20.26178010471204	21.07329842931937	20.130890052356023	20.602094240837694	17.93193717277487
70.0	18.81795372177307	22.470030666294953	20.183997769724005	19.710064120434904	18.81795372177307
71.0	18.47630473905219	23.575284943011397	19.49610077984403	20.245950809838032	18.206358728254347
72.0	19.202551834130784	21.97767145135566	20.22328548644338	19.96810207336523	18.628389154704944
73.0	18.23489010989011	23.45467032967033	19.26510989010989	20.570054945054945	18.475274725274726
74.0	17.785111844517782	23.35900256692336	19.50861752841951	21.122112211221122	18.225155848918227
75.0	17.796942375539004	22.892983143865152	19.9921599372795	21.403371226969817	17.91454331634653
76.0	19.03959561920809	21.27211457455771	21.56697556866049	21.314237573715246	16.807076663858467
77.0	18.475336322869957	22.95964125560538	21.031390134529147	20.717488789237667	16.81614349775785
78.0	19.340974212034386	21.20343839541547	19.340974212034386	23.686723973256925	16.427889207258833
79.0	18.32911392405063	23.443037974683545	19.89873417721519	22.531645569620252	15.79746835443038
80.0	18.328840970350406	24.258760107816713	20.59299191374663	20.59299191374663	16.22641509433962
81.0	18.685714285714287	21.2	21.542857142857144	23.02857142857143	15.542857142857141
82.0	17.13770294648226	19.542994588093805	24.473842453397474	23.932651834034875	14.912808177991582
83.0	19.176319176319176	22.586872586872587	24.13127413127413	21.042471042471043	13.063063063063062
84.0	20.23004059539919	24.01894451962111	23.07171853856563	20.90663058186739	11.772665764546684
85.0	20.28268551236749	24.80565371024735	23.74558303886926	20.28268551236749	10.883392226148409
86.0	16.87638786084382	26.94300518134715	23.538119911176906	22.797927461139896	9.844559585492227
87.0	22.085889570552148	21.625766871165645	21.779141104294478	23.159509202453986	11.349693251533742
88.0	19.34972244250595	22.283901665344967	25.376685170499602	19.746233148295005	13.243457573354481
89.0	21.182266009852217	23.070607553366173	23.48111658456486	18.39080459770115	13.875205254515599
90.0	19.72318339100346	26.643598615916954	22.577854671280274	19.290657439446367	11.76470588235294
91.0	18.37294332723949	24.49725776965265	23.40036563071298	22.851919561243143	10.877513711151737
92.0	20.11439466158246	22.783603431839847	21.067683508102956	25.452812202097235	10.581506196377502
93.0	22.450980392156865	22.058823529411764	19.80392156862745	22.745098039215687	12.941176470588237
94.0	18.564102564102562	22.256410256410255	23.794871794871796	21.23076923076923	14.153846153846153
95.0	20.8955223880597	20.042643923240938	20.362473347547976	22.60127931769723	16.098081023454156
96.0	20.833333333333336	22.2972972972973	19.144144144144143	23.64864864864865	14.076576576576578
97.0	21.14695340501792	21.02747909199522	18.27956989247312	18.040621266427717	21.50537634408602
98.0	11.435832274459974	13.468869123252858	10.800508259212197	9.6569250317662	54.637865311308765
99.0	12.58191349934469	13.106159895150721	7.732634338138926	10.615989515072084	55.96330275229357
100.0	11.56773211567732	10.350076103500761	11.263318112633181	15.67732115677321	51.141552511415526
101.0	19.327731092436977	23.249299719887954	22.969187675070028	19.88795518207283	14.565826330532214
102.0	22.916666666666664	20.535714285714285	24.404761904761905	19.047619047619047	13.095238095238097
103.0	23.98753894080997	19.003115264797508	20.5607476635514	23.05295950155763	13.395638629283487
104.0	22.62295081967213	19.672131147540984	21.639344262295083	22.295081967213115	13.77049180327869
105.0	23.972602739726025	26.027397260273972	18.15068493150685	18.835616438356166	13.013698630136986
106.0	21.58273381294964	21.223021582733814	17.62589928057554	28.05755395683453	11.510791366906476
107.0	25.85551330798479	16.34980988593156	21.292775665399237	26.23574144486692	10.26615969581749
108.0	31.496062992125985	17.716535433070867	21.653543307086615	18.503937007874015	10.62992125984252
109.0	19.51219512195122	31.70731707317073	13.414634146341465	26.82926829268293	8.536585365853659
110.0	15.677966101694915	27.966101694915253	26.69491525423729	23.30508474576271	6.3559322033898304
111.0	26.431718061674008	17.62114537444934	26.431718061674008	25.991189427312776	3.524229074889868
112.0	24.88888888888889	19.11111111111111	23.11111111111111	27.111111111111114	5.777777777777778
113.0	18.099547511312217	29.86425339366516	23.981900452488688	21.266968325791854	6.787330316742081
114.0	21.91780821917808	25.11415525114155	19.63470319634703	25.570776255707763	7.76255707762557
115.0	28.30188679245283	22.641509433962266	16.9811320754717	22.641509433962266	9.433962264150944
116.0	20.87378640776699	18.446601941747574	23.300970873786408	25.728155339805824	11.650485436893204
117.0	16.33663366336634	31.18811881188119	17.326732673267326	19.801980198019802	15.346534653465346
118.0	20.3125	23.4375	22.916666666666664	22.395833333333336	10.9375
119.0	23.076923076923077	28.021978021978022	13.186813186813188	26.923076923076923	8.791208791208792
120.0	29.82456140350877	30.409356725146196	11.695906432748536	21.637426900584796	6.432748538011696
121.0	25.146198830409354	20.46783625730994	21.052631578947366	19.883040935672515	13.450292397660817
122.0	23.49397590361446	21.084337349397593	22.289156626506024	14.457831325301203	18.67469879518072
123.0	16.25	25.624999999999996	13.750000000000002	24.375	20.0
124.0	25.0	20.945945945945947	18.91891891891892	19.594594594594593	15.54054054054054
125.0	21.48148148148148	24.444444444444443	17.77777777777778	21.48148148148148	14.814814814814813
126.0	26.5625	14.84375	21.875	25.0	11.71875
127.0	12.8	28.000000000000004	22.400000000000002	24.0	12.8
128.0	28.695652173913043	22.608695652173914	16.52173913043478	19.130434782608695	13.043478260869565
129.0	16.8141592920354	21.238938053097346	24.778761061946902	22.123893805309734	15.04424778761062
130.0	22.93577981651376	22.93577981651376	16.51376146788991	22.93577981651376	14.678899082568808
131.0	18.0	25.0	21.0	25.0	11.0
132.0	27.083333333333332	21.875	21.875	19.791666666666664	9.375
133.0	19.35483870967742	30.107526881720432	16.129032258064516	24.731182795698924	9.67741935483871
134.0	28.08988764044944	28.08988764044944	25.842696629213485	8.98876404494382	8.98876404494382
135.0	21.839080459770116	22.988505747126435	28.735632183908045	17.24137931034483	9.195402298850574
136.0	16.666666666666664	22.61904761904762	26.190476190476193	27.380952380952383	7.142857142857142
137.0	20.98765432098765	20.98765432098765	23.456790123456788	29.629629629629626	4.938271604938271
138.0	26.582278481012654	22.78481012658228	26.582278481012654	20.253164556962027	3.79746835443038
139.0	30.76923076923077	24.358974358974358	24.358974358974358	14.102564102564102	6.41025641025641
140.0	12.987012987012985	12.987012987012985	20.77922077922078	42.857142857142854	10.38961038961039
141.0	9.210526315789473	31.57894736842105	32.89473684210527	17.105263157894736	9.210526315789473
142.0	6.8493150684931505	20.54794520547945	36.986301369863014	30.136986301369863	5.47945205479452
143.0	24.637681159420293	24.637681159420293	24.637681159420293	24.637681159420293	1.4492753623188406
144.0	8.695652173913043	23.18840579710145	31.88405797101449	23.18840579710145	13.043478260869565
145.0	18.84057971014493	21.73913043478261	21.73913043478261	23.18840579710145	14.492753623188406
146.0	13.23529411764706	16.176470588235293	26.47058823529412	29.411764705882355	14.705882352941178
147.0	28.333333333333332	35.0	18.333333333333332	15.0	3.3333333333333335
148.0	22.033898305084744	49.152542372881356	6.779661016949152	20.33898305084746	1.694915254237288
149.0	13.793103448275861	34.48275862068966	12.068965517241379	29.310344827586203	10.344827586206897
150.0	20.689655172413794	31.03448275862069	17.24137931034483	20.689655172413794	10.344827586206897
151.0	25.862068965517242	8.620689655172415	22.413793103448278	25.862068965517242	17.24137931034483
152.0	19.230769230769234	42.30769230769231	19.230769230769234	11.538461538461538	7.6923076923076925
153.0	13.461538461538462	17.307692307692307	25.0	26.923076923076923	17.307692307692307
154.0	12.5	27.083333333333332	20.833333333333336	29.166666666666668	10.416666666666668
155.0	31.25	16.666666666666664	18.75	18.75	14.583333333333334
156.0	32.55813953488372	20.930232558139537	25.581395348837212	16.27906976744186	4.651162790697675
157.0	16.27906976744186	25.581395348837212	34.883720930232556	13.953488372093023	9.30232558139535
158.0	14.634146341463413	29.268292682926827	19.51219512195122	29.268292682926827	7.317073170731707
159.0	9.75609756097561	31.70731707317073	24.390243902439025	21.951219512195124	12.195121951219512
160.0	20.51282051282051	7.6923076923076925	15.384615384615385	41.02564102564102	15.384615384615385
161.0	26.31578947368421	10.526315789473683	23.684210526315788	26.31578947368421	13.157894736842104
162.0	13.88888888888889	22.22222222222222	19.444444444444446	25.0	19.444444444444446
163.0	18.181818181818183	24.242424242424242	30.303030303030305	15.151515151515152	12.121212121212121
164.0	18.181818181818183	18.181818181818183	24.242424242424242	21.21212121212121	18.181818181818183
165.0	10.344827586206897	17.24137931034483	20.689655172413794	44.827586206896555	6.896551724137931
166.0	17.24137931034483	20.689655172413794	24.137931034482758	27.586206896551722	10.344827586206897
167.0	22.22222222222222	14.814814814814813	25.925925925925924	29.629629629629626	7.4074074074074066
168.0	14.814814814814813	14.814814814814813	18.51851851851852	29.629629629629626	22.22222222222222
169.0	19.230769230769234	34.61538461538461	11.538461538461538	7.6923076923076925	26.923076923076923
170.0	16.0	20.0	32.0	4.0	28.000000000000004
171.0	4.761904761904762	23.809523809523807	23.809523809523807	23.809523809523807	23.809523809523807
172.0	21.052631578947366	15.789473684210526	10.526315789473683	36.84210526315789	15.789473684210526
173.0	16.666666666666664	16.666666666666664	22.22222222222222	22.22222222222222	22.22222222222222
174.0	12.5	12.5	12.5	50.0	12.5
175.0	0.0	6.25	43.75	31.25	18.75
176.0	28.57142857142857	14.285714285714285	21.428571428571427	14.285714285714285	21.428571428571427
177.0	28.57142857142857	14.285714285714285	21.428571428571427	14.285714285714285	21.428571428571427
178.0	38.46153846153847	15.384615384615385	0.0	23.076923076923077	23.076923076923077
179.0	0.0	18.181818181818183	54.54545454545454	18.181818181818183	9.090909090909092
180.0	18.181818181818183	18.181818181818183	27.27272727272727	18.181818181818183	18.181818181818183
181.0	40.0	0.0	30.0	20.0	10.0
182.0	0.0	0.0	20.0	20.0	60.0
183.0	22.22222222222222	0.0	22.22222222222222	0.0	55.55555555555556
184.0	0.0	44.44444444444444	0.0	0.0	55.55555555555556
185.0	0.0	0.0	0.0	50.0	50.0
186.0	0.0	50.0	0.0	0.0	50.0
187.0	0.0	50.0	0.0	0.0	50.0
188.0	0.0	0.0	0.0	0.0	100.0
189.0	0.0	0.0	0.0	0.0	100.0
190.0	0.0	0.0	0.0	0.0	100.0
