# Position (bp)	A	C	G	T	N
0.0	0.0	0.0	0.0	0.0	100.0
1.0	0.0	0.0	0.0	0.0	100.0
2.0	0.0	0.0	0.0	0.0	100.0
3.0	30.452858867182258	19.59855156690062	16.545218829630294	33.403370736286824	0.0
4.0	31.065313603647905	19.352675577808576	17.484018060709015	32.097992757834504	0.0
5.0	31.86105771380035	18.39152398408512	18.88327596226921	30.864142339845323	0.0
6.0	31.726943537931962	18.950333050203408	17.385667665072198	31.937055746792435	0.0
7.0	31.244132504805762	18.65528186329295	18.24399839062989	31.8565872412714	0.0
8.0	30.658500603513794	19.696901962537442	18.758102731458713	30.886494702490054	0.0
9.0	30.84178997720059	19.482319281148015	18.333407841208814	31.342482900442576	0.0
10.0	30.9490813178953	18.990567302963925	18.539049577540347	31.521301801600426	0.0
11.0	31.37824668067415	18.73575036881398	19.57619920425589	30.30980374625598	0.0
12.0	31.083195493763693	18.878805489740266	17.81930350037999	31.0071974607716	1.2114980553444499
13.0	30.573561625463814	17.40802002771693	17.962358621306272	31.422951405963612	2.6331083195493763
14.0	30.095221064866557	17.27390585184854	17.868478698198402	30.376860834190172	4.38553355089633
15.0	30.06154403113404	17.95185084623043	16.684767852294325	30.93492623766857	4.36691103267264
16.0	30.482093663911847	17.76400367309458	17.695133149678604	30.49586776859504	3.5629017447199263
17.0	31.17636057602394	17.921264260332897	18.150364690480643	30.601271741163274	2.150738731999252
18.0	30.91373680972886	18.658022997208157	17.64065679269389	31.56674395495197	1.22083944541712
19.0	31.284517234812416	18.239382974671493	17.482384307750902	30.956008379356316	2.0377071034088745
20.0	31.4315749235474	17.92335626911315	18.047591743119266	30.02675840978593	2.570718654434251
21.0	30.811976047904192	18.035928143712574	17.274251497005988	30.994011976047904	2.8838323353293416
22.0	31.745723172628303	17.539852255054434	17.680793157076206	31.143079315707624	1.8905520995334368
23.0	31.515448749386955	17.35164296223639	18.641490926924963	31.196665031878375	1.2947523295733203
24.0	31.74172544763972	18.34459626103685	17.382725792926554	31.475361318009178	1.0555911803877076
25.0	31.569822162778028	17.64997275474315	17.808490612770594	31.97107049090999	1.0006439787982364
26.0	31.77481864255192	17.61403160091424	18.478584915035277	30.954983603299212	1.1775812381993442
27.0	31.58681888429134	18.475497283015105	17.358791564883592	31.202951293683633	1.3759409741263273
28.0	31.518638979234424	17.07280460345259	17.11783837878409	32.76457343007255	1.5261446084563421
29.0	31.47971240384132	17.280909045200865	18.27643420986475	31.253456684599527	1.7094876564935393
30.0	31.38553303341253	17.92448061466916	17.22185715007835	31.436081484102512	2.0320477177374516
31.0	31.50406504065041	17.286585365853657	17.525406504065042	31.35670731707317	2.3272357723577235
32.0	31.10133510665507	17.121080362166865	18.47153307074531	30.686991661977597	2.6190597984551642
33.0	30.85496104432176	17.790619679067127	17.130179041329136	31.37608998503689	2.8481502502450855
34.0	31.099781500364166	17.063781084174384	17.537196961814587	31.141400478618248	3.157839975028613
35.0	31.170877764353627	16.977464936702212	18.117350422860746	30.319903346115463	3.4144035299679567
36.0	30.617664241329862	17.441181156726326	17.106590897020553	31.148759891656486	3.6858038132667694
37.0	31.227504700510337	16.379264034380874	17.06150953532098	31.168412570507652	4.163309159280151
38.0	30.695600152281504	16.45184097460162	17.164300864741396	31.081742535487027	4.606515472888454
39.0	31.066997518610425	16.69699476151089	16.823821339950374	30.29500964984836	5.117176730079956
40.0	30.38677130044843	16.905829596412556	16.737668161434975	30.470852017937222	5.498878923766816
41.0	29.68072976054732	16.892816419612313	17.75370581527936	29.874572405929307	5.7981755986316985
42.0	30.121462195618065	16.650200499796593	16.772243854245364	30.1447085488464	6.311384901493579
43.0	30.36360400972774	16.234652114597544	16.098226466575717	30.50002965774957	6.8034877513494285
44.0	29.286449192035345	16.292440840041156	17.399987895660594	29.61931852569146	7.401803546571446
45.0	29.377830159419393	16.9406364369456	16.103219403262827	29.830655666521928	7.747658333850257
46.0	29.945264765784113	15.765020366598778	16.299643584521384	30.015274949083505	7.97479633401222
47.0	29.522875816993466	16.15032679738562	16.503267973856207	29.58823529411765	8.235294117647058
48.0	30.069930069930066	16.460462614308767	16.22512103281334	28.859601936525014	8.384884346422808
49.0	29.808423819074626	15.851718652742235	16.37734283145446	29.43495400788436	8.527560688844318
50.0	30.142450142450144	15.498575498575498	16.93019943019943	28.46866096866097	8.960113960113961
51.0	29.115596330275228	16.35229357798165	15.875229357798165	29.40183486238532	9.255045871559634
52.0	29.472251625585965	15.53757749886587	15.719038257976711	29.82005141388175	9.451081203689702
53.0	28.946956657800033	16.08511969957753	16.08511969957753	29.236426224378032	9.646377718666875
54.0	28.63151083791653	15.81203494014882	16.248786800388224	29.052086703332254	10.255580718214171
55.0	29.650968603874418	14.812959251837007	15.16366065464262	29.86806947227789	10.504342017368069
56.0	28.980864144081735	15.975409126331282	16.01870291800156	28.09767079400814	10.927353017577278
57.0	29.497116077865897	15.663302090843548	15.780461427541455	28.28046142754146	10.778658976207641
58.0	28.923306587049822	15.637245754805	15.683896249300242	28.680724015674564	11.074827393170368
59.0	28.774181005152133	15.85496257412268	15.923009623797025	28.715854962574124	10.731991834354039
60.0	28.84848484848485	15.616161616161616	15.535353535353536	29.09090909090909	10.909090909090908
61.0	28.800755429650614	15.15056132619872	15.675165250236073	29.209946490399748	11.163571503514847
62.0	28.422084286180986	15.430687139279103	15.975171512577587	28.530981160840685	11.641075901121638
63.0	28.537414965986397	15.487528344671203	15.034013605442176	28.809523809523807	12.131519274376418
64.0	28.794141962914843	14.86949332703437	15.460021259005552	28.54612023148695	12.330223219558285
65.0	29.147153068770027	14.702982499383783	15.60266206556569	28.296771013063843	12.250431353216662
66.0	29.354838709677416	13.832258064516129	15.483870967741936	28.916129032258063	12.412903225806451
67.0	28.51946652296915	14.4820153576721	15.344200458035834	29.21999191701468	12.43432574430823
68.0	28.314606741573034	14.957865168539325	15.80056179775281	28.426966292134832	12.5
69.0	29.375368296994697	15.01178550383029	15.070713022981733	28.093694755450795	12.448438420742487
70.0	29.230769230769234	14.538461538461538	15.49230769230769	28.553846153846152	12.184615384615384
71.0	29.582664526484752	15.730337078651685	15.714285714285714	26.918138041733545	12.054574638844302
72.0	29.412754501093723	14.941948510853104	15.429917550058892	28.57142857142857	11.643950866565708
73.0	29.449894884372814	14.435879467414155	15.43447792571829	29.134548002803086	11.545199719691661
74.0	28.83737908377441	15.696294944332909	15.112246760357728	28.65486402628217	11.699215185252783
75.0	28.52789944772424	15.235193296514948	16.244524852409064	28.10893163207008	11.88345077128166
76.0	30.1643889879184	14.874232521291345	15.171321053673994	27.886710239651418	11.903347197464845
77.0	28.44150475403059	15.93633732947499	16.08102521703183	27.94543199669285	11.59570070276974
78.0	28.98206181110871	15.063756213529283	15.539226280527341	28.8091636049276	11.605792089907068
79.0	29.968525179856115	15.175359712230216	15.107913669064748	28.01258992805755	11.735611510791367
80.0	28.828618190320316	15.314472761281273	15.758709375730653	28.94552256254384	11.152677110123918
81.0	29.82885085574572	16.03911980440098	14.88997555012225	28.630806845965772	10.611246943765282
82.0	29.47019867549669	15.970453387671931	15.410086602139582	29.062659195109525	10.086602139582272
83.0	29.210526315789476	15.368421052631579	16.657894736842106	27.684210526315788	11.078947368421051
84.0	29.513129102844637	16.219912472647703	14.961706783369802	28.036105032822757	11.269146608315099
85.0	30.53824362606232	15.439093484419264	14.957507082152974	27.790368271954673	11.274787535410765
86.0	28.706717963894647	15.773897602841078	16.306599585676235	28.76590707309855	10.446877774489494
87.0	30.147965474722564	14.76572133168927	16.58446362515413	28.545006165228116	9.95684340320592
88.0	29.278416347381864	16.091954022988507	14.910600255427841	29.629629629629626	10.089399744572159
89.0	30.270984798413746	16.39127561136814	16.093853271645735	27.19762062128222	10.046265697290153
90.0	29.37350222526532	16.056145155768572	15.816501198219788	28.723040054775762	10.030811365970559
91.0	29.19034090909091	15.518465909090908	16.477272727272727	29.22585227272727	9.588068181818182
92.0	28.80235121234386	17.1565025716385	15.429831006612785	28.618662747979428	9.992652461425422
93.0	30.06088280060883	16.62861491628615	14.916286149162861	28.31050228310502	10.083713850837137
94.0	28.6331500392773	14.886095836606442	16.025137470542028	30.047132757266297	10.408483896307933
95.0	27.142857142857142	15.346938775510205	16.3265306122449	30.36734693877551	10.816326530612246
96.0	30.215827338129497	15.361828184511214	16.08125264494287	29.665679221328816	8.6754126110876
97.0	29.329241560718984	15.563349408154318	15.387987724682157	31.784305129329244	7.935116177115301
98.0	24.759725400457665	12.814645308924485	13.638443935926773	25.034324942791763	23.752860411899313
99.0	23.123262279888788	13.021316033364227	12.279888785912881	23.911028730305837	27.664504170528264
100.0	24.714285714285715	12.428571428571429	12.95238095238095	21.714285714285715	28.19047619047619
101.0	28.45138055222089	14.585834333733494	15.786314525810324	28.691476590636256	12.48499399759904
102.0	28.57142857142857	16.46380525304292	18.129404228058938	26.649583600256243	10.185778347213324
103.0	28.249336870026525	15.517241379310345	16.047745358090186	29.57559681697613	10.610079575596817
104.0	28.9437585733882	16.18655692729767	14.540466392318244	28.463648834019207	11.86556927297668
105.0	27.746077032810273	15.121255349500714	15.763195435092726	29.457917261055634	11.911554921540656
106.0	27.225519287833826	15.504451038575667	15.578635014836795	29.52522255192878	12.166172106824925
107.0	27.54863813229572	16.03112840466926	16.80933852140078	27.859922178988327	11.750972762645914
108.0	28.987854251012145	15.870445344129555	14.5748987854251	28.421052631578945	12.145748987854251
109.0	29.72972972972973	15.962837837837837	14.780405405405405	27.78716216216216	11.739864864864865
110.0	27.77777777777778	15.873015873015872	15.167548500881834	30.776014109347443	10.405643738977071
111.0	28.110599078341014	15.391705069124423	15.76036866359447	31.889400921658982	8.847926267281107
112.0	32.057416267942585	15.789473684210526	16.267942583732058	26.88995215311005	8.995215311004785
113.0	32.48031496062992	15.452755905511811	15.354330708661418	27.263779527559056	9.448818897637794
114.0	28.00808897876643	16.48129423660263	15.874620829120323	29.42366026289181	10.212335692618806
115.0	31.335436382754995	15.036803364879075	15.878023133543639	28.075709779179807	9.674027339642482
116.0	29.782608695652176	14.021739130434781	16.847826086956523	29.891304347826086	9.456521739130434
117.0	31.41891891891892	16.32882882882883	16.666666666666664	27.364864864864863	8.220720720720722
118.0	30.034924330616995	15.017462165308498	16.996507566938302	29.56926658905704	8.381839348079161
119.0	30.85234093637455	14.765906362545017	15.486194477791116	30.372148859543817	8.523409363745499
120.0	29.20245398773006	16.93251533742331	14.60122699386503	29.325153374233125	9.938650306748466
121.0	29.224904701397712	15.501905972045742	16.518424396442185	27.70012706480305	11.054637865311308
122.0	29.00262467191601	13.779527559055119	17.191601049868765	27.69028871391076	12.335958005249344
123.0	28.610354223433244	15.803814713896458	15.803814713896458	26.70299727520436	13.079019073569482
124.0	28.999999999999996	14.428571428571429	14.428571428571429	29.28571428571429	12.857142857142856
125.0	30.389221556886227	16.317365269461078	15.419161676646706	26.047904191616766	11.826347305389222
126.0	30.094043887147336	18.025078369905955	13.479623824451412	26.802507836990596	11.598746081504702
127.0	27.86885245901639	14.918032786885247	15.737704918032788	30.327868852459016	11.147540983606557
128.0	28.69269949066214	15.280135823429541	15.789473684210526	29.03225806451613	11.205432937181664
129.0	27.836879432624112	17.907801418439718	15.070921985815602	28.368794326241137	10.815602836879433
130.0	27.30627306273063	14.206642066420663	17.15867158671587	32.10332103321033	9.22509225092251
131.0	30.019120458891013	17.39961759082218	15.105162523900573	29.063097514340345	8.413001912045889
132.0	28.230616302186878	17.693836978131213	15.308151093439365	30.417495029821072	8.34990059642147
133.0	28.455284552845526	18.69918699186992	15.447154471544716	27.439024390243905	9.959349593495935
134.0	28.18371607515658	16.701461377870565	16.701461377870565	28.60125260960334	9.812108559498958
135.0	28.850325379609544	11.496746203904555	15.61822125813449	34.05639913232104	9.97830802603037
136.0	29.79683972911964	17.381489841986454	14.89841986455982	28.893905191873586	9.029345372460497
137.0	26.15740740740741	12.962962962962962	17.36111111111111	33.33333333333333	10.185185185185185
138.0	30.361445783132528	11.80722891566265	17.10843373493976	30.843373493975907	9.879518072289157
139.0	31.76178660049628	11.910669975186105	19.602977667493796	24.317617866004962	12.40694789081886
140.0	27.835051546391753	13.402061855670103	14.948453608247423	32.47422680412371	11.34020618556701
141.0	31.818181818181817	13.368983957219251	12.299465240641712	30.481283422459892	12.032085561497325
142.0	26.628895184135974	18.13031161473088	15.58073654390935	29.461756373937675	10.198300283286118
143.0	28.488372093023255	20.058139534883722	9.883720930232558	30.23255813953488	11.337209302325581
144.0	26.13981762917933	18.541033434650455	16.109422492401215	26.443768996960486	12.76595744680851
145.0	24.9211356466877	17.034700315457414	17.034700315457414	29.02208201892745	11.987381703470032
146.0	27.54098360655738	15.737704918032788	15.737704918032788	28.852459016393446	12.131147540983607
147.0	27.874564459930312	14.634146341463413	16.72473867595819	32.752613240418114	8.013937282229964
148.0	26.16487455197133	11.469534050179211	18.27956989247312	32.97491039426524	11.11111111111111
149.0	30.597014925373134	19.402985074626866	14.17910447761194	24.253731343283583	11.567164179104477
150.0	30.303030303030305	15.909090909090908	12.5	27.65151515151515	13.636363636363635
151.0	32.66129032258064	15.725806451612904	14.919354838709678	25.0	11.693548387096774
152.0	27.004219409282697	15.611814345991561	12.236286919831224	32.48945147679325	12.658227848101266
153.0	30.701754385964914	11.403508771929824	14.912280701754385	31.57894736842105	11.403508771929824
154.0	31.05022831050228	14.15525114155251	15.52511415525114	28.767123287671232	10.50228310502283
155.0	30.434782608695656	17.874396135265698	12.560386473429952	30.434782608695656	8.695652173913043
156.0	32.67326732673268	14.85148514851485	16.33663366336634	25.247524752475247	10.891089108910892
157.0	29.591836734693878	14.795918367346939	15.306122448979592	28.57142857142857	11.73469387755102
158.0	31.216931216931215	11.64021164021164	17.46031746031746	25.925925925925924	13.756613756613756
159.0	26.111111111111114	13.88888888888889	17.22222222222222	29.444444444444446	13.333333333333334
160.0	28.32369942196532	12.716763005780345	19.653179190751445	24.277456647398843	15.028901734104046
161.0	30.061349693251532	15.337423312883436	14.11042944785276	26.993865030674847	13.496932515337424
162.0	25.0	20.51282051282051	19.230769230769234	23.076923076923077	12.179487179487179
163.0	34.01360544217687	14.965986394557824	14.965986394557824	25.170068027210885	10.884353741496598
164.0	30.49645390070922	17.73049645390071	10.638297872340425	29.078014184397162	12.056737588652481
165.0	30.656934306569344	9.48905109489051	16.05839416058394	27.00729927007299	16.78832116788321
166.0	22.900763358778626	18.3206106870229	12.977099236641221	29.00763358778626	16.793893129770993
167.0	29.838709677419356	17.741935483870968	9.67741935483871	25.806451612903224	16.93548387096774
168.0	29.82456140350877	10.526315789473683	15.789473684210526	29.82456140350877	14.035087719298245
169.0	26.605504587155966	16.51376146788991	22.93577981651376	20.18348623853211	13.761467889908257
170.0	31.06796116504854	16.50485436893204	15.53398058252427	24.271844660194176	12.62135922330097
171.0	20.408163265306122	13.26530612244898	12.244897959183673	35.714285714285715	18.367346938775512
172.0	22.340425531914892	11.702127659574469	15.957446808510639	27.659574468085108	22.340425531914892
173.0	26.666666666666668	6.666666666666667	13.333333333333334	27.77777777777778	25.555555555555554
174.0	25.0	11.25	12.5	32.5	18.75
175.0	27.397260273972602	8.21917808219178	20.54794520547945	24.65753424657534	19.17808219178082
176.0	17.91044776119403	23.88059701492537	26.865671641791046	13.432835820895523	17.91044776119403
177.0	18.461538461538463	9.230769230769232	10.76923076923077	36.92307692307693	24.615384615384617
178.0	22.033898305084744	16.94915254237288	8.47457627118644	28.8135593220339	23.728813559322035
179.0	23.636363636363637	12.727272727272727	21.818181818181817	16.363636363636363	25.454545454545453
180.0	32.6530612244898	14.285714285714285	8.16326530612245	24.489795918367346	20.408163265306122
181.0	11.11111111111111	13.333333333333334	11.11111111111111	40.0	24.444444444444443
182.0	29.268292682926827	12.195121951219512	9.75609756097561	24.390243902439025	24.390243902439025
183.0	23.076923076923077	15.384615384615385	2.564102564102564	28.205128205128204	30.76923076923077
184.0	29.411764705882355	20.588235294117645	8.823529411764707	11.76470588235294	29.411764705882355
185.0	29.03225806451613	12.903225806451612	9.67741935483871	12.903225806451612	35.483870967741936
186.0	18.51851851851852	11.11111111111111	22.22222222222222	11.11111111111111	37.03703703703704
187.0	25.0	12.5	8.333333333333332	12.5	41.66666666666667
188.0	20.0	10.0	15.0	15.0	40.0
189.0	17.647058823529413	17.647058823529413	11.76470588235294	11.76470588235294	41.17647058823529
190.0	21.428571428571427	0.0	35.714285714285715	14.285714285714285	28.57142857142857
191.0	16.666666666666664	0.0	25.0	41.66666666666667	16.666666666666664
192.0	10.0	40.0	20.0	30.0	0.0
193.0	30.0	40.0	0.0	30.0	0.0
194.0	50.0	20.0	0.0	20.0	10.0
195.0	40.0	10.0	0.0	40.0	10.0
196.0	10.0	0.0	0.0	80.0	10.0
197.0	33.33333333333333	11.11111111111111	22.22222222222222	33.33333333333333	0.0
198.0	22.22222222222222	22.22222222222222	11.11111111111111	44.44444444444444	0.0
199.0	11.11111111111111	33.33333333333333	22.22222222222222	22.22222222222222	11.11111111111111
200.0	22.22222222222222	22.22222222222222	11.11111111111111	22.22222222222222	22.22222222222222
201.0	22.22222222222222	0.0	33.33333333333333	22.22222222222222	22.22222222222222
202.0	12.5	12.5	25.0	37.5	12.5
203.0	14.285714285714285	42.857142857142854	14.285714285714285	28.57142857142857	0.0
204.0	42.857142857142854	14.285714285714285	0.0	42.857142857142854	0.0
205.0	28.57142857142857	42.857142857142854	0.0	28.57142857142857	0.0
206.0	42.857142857142854	28.57142857142857	14.285714285714285	14.285714285714285	0.0
207.0	57.14285714285714	28.57142857142857	0.0	14.285714285714285	0.0
208.0	42.857142857142854	14.285714285714285	0.0	42.857142857142854	0.0
209.0	28.57142857142857	28.57142857142857	0.0	42.857142857142854	0.0
210.0	14.285714285714285	14.285714285714285	42.857142857142854	28.57142857142857	0.0
211.0	28.57142857142857	14.285714285714285	28.57142857142857	28.57142857142857	0.0
212.0	14.285714285714285	14.285714285714285	14.285714285714285	42.857142857142854	14.285714285714285
213.0	42.857142857142854	14.285714285714285	0.0	28.57142857142857	14.285714285714285
214.0	0.0	57.14285714285714	14.285714285714285	14.285714285714285	14.285714285714285
215.0	50.0	16.666666666666664	16.666666666666664	16.666666666666664	0.0
216.0	66.66666666666666	0.0	16.666666666666664	16.666666666666664	0.0
217.0	33.33333333333333	16.666666666666664	16.666666666666664	33.33333333333333	0.0
218.0	50.0	0.0	16.666666666666664	33.33333333333333	0.0
219.0	33.33333333333333	33.33333333333333	0.0	33.33333333333333	0.0
220.0	33.33333333333333	16.666666666666664	33.33333333333333	16.666666666666664	0.0
221.0	0.0	33.33333333333333	16.666666666666664	50.0	0.0
222.0	16.666666666666664	50.0	16.666666666666664	16.666666666666664	0.0
223.0	0.0	16.666666666666664	66.66666666666666	16.666666666666664	0.0
224.0	16.666666666666664	16.666666666666664	0.0	66.66666666666666	0.0
225.0	16.666666666666664	16.666666666666664	16.666666666666664	50.0	0.0
226.0	16.666666666666664	33.33333333333333	16.666666666666664	33.33333333333333	0.0
227.0	16.666666666666664	0.0	33.33333333333333	50.0	0.0
228.0	66.66666666666666	16.666666666666664	16.666666666666664	0.0	0.0
229.0	50.0	16.666666666666664	0.0	33.33333333333333	0.0
230.0	0.0	0.0	33.33333333333333	66.66666666666666	0.0
231.0	66.66666666666666	0.0	0.0	33.33333333333333	0.0
232.0	50.0	33.33333333333333	16.666666666666664	0.0	0.0
233.0	66.66666666666666	16.666666666666664	16.666666666666664	0.0	0.0
234.0	16.666666666666664	0.0	16.666666666666664	66.66666666666666	0.0
235.0	16.666666666666664	16.666666666666664	16.666666666666664	50.0	0.0
236.0	33.33333333333333	16.666666666666664	16.666666666666664	33.33333333333333	0.0
237.0	50.0	16.666666666666664	33.33333333333333	0.0	0.0
238.0	16.666666666666664	16.666666666666664	16.666666666666664	50.0	0.0
239.0	50.0	16.666666666666664	0.0	33.33333333333333	0.0
240.0	16.666666666666664	0.0	16.666666666666664	66.66666666666666	0.0
241.0	16.666666666666664	33.33333333333333	50.0	0.0	0.0
242.0	50.0	0.0	0.0	50.0	0.0
243.0	50.0	0.0	0.0	50.0	0.0
244.0	33.33333333333333	0.0	16.666666666666664	50.0	0.0
245.0	33.33333333333333	0.0	16.666666666666664	50.0	0.0
246.0	50.0	0.0	16.666666666666664	33.33333333333333	0.0
247.0	16.666666666666664	33.33333333333333	16.666666666666664	33.33333333333333	0.0
248.0	33.33333333333333	16.666666666666664	16.666666666666664	33.33333333333333	0.0
249.0	16.666666666666664	16.666666666666664	33.33333333333333	33.33333333333333	0.0
250.0	50.0	0.0	33.33333333333333	16.666666666666664	0.0
251.0	50.0	0.0	0.0	50.0	0.0
252.0	16.666666666666664	0.0	50.0	33.33333333333333	0.0
253.0	16.666666666666664	33.33333333333333	16.666666666666664	16.666666666666664	16.666666666666664
254.0	16.666666666666664	0.0	50.0	16.666666666666664	16.666666666666664
255.0	33.33333333333333	0.0	16.666666666666664	33.33333333333333	16.666666666666664
256.0	20.0	20.0	0.0	60.0	0.0
257.0	20.0	0.0	40.0	40.0	0.0
258.0	0.0	20.0	40.0	40.0	0.0
259.0	40.0	40.0	20.0	0.0	0.0
260.0	20.0	20.0	20.0	40.0	0.0
261.0	40.0	20.0	20.0	20.0	0.0
262.0	60.0	0.0	20.0	20.0	0.0
263.0	60.0	40.0	0.0	0.0	0.0
264.0	40.0	0.0	0.0	40.0	20.0
265.0	20.0	0.0	0.0	60.0	20.0
266.0	40.0	20.0	20.0	0.0	20.0
267.0	50.0	0.0	0.0	25.0	25.0
268.0	25.0	0.0	25.0	25.0	25.0
269.0	0.0	25.0	25.0	25.0	25.0
270.0	33.33333333333333	0.0	0.0	66.66666666666666	0.0
271.0	33.33333333333333	0.0	0.0	66.66666666666666	0.0
272.0	66.66666666666666	0.0	33.33333333333333	0.0	0.0
273.0	0.0	0.0	0.0	66.66666666666666	33.33333333333333
274.0	33.33333333333333	0.0	0.0	33.33333333333333	33.33333333333333
275.0	33.33333333333333	0.0	0.0	0.0	66.66666666666666
276.0	0.0	50.0	0.0	0.0	50.0
277.0	0.0	0.0	50.0	0.0	50.0
278.0	0.0	100.0	0.0	0.0	0.0
279.0	100.0	0.0	0.0	0.0	0.0
280.0	0.0	0.0	100.0	0.0	0.0
281.0	0.0	0.0	0.0	0.0	100.0
282.0	0.0	0.0	0.0	0.0	100.0
283.0	0.0	0.0	0.0	0.0	100.0
