# Position (bp)	A	C	G	T	N
0.0	0.0	0.0	0.0	0.0	100.0
1.0	0.0	0.0	0.0	0.0	100.0
2.0	0.0	0.0	0.0	0.0	100.0
3.0	31.185950972868042	17.753148842038733	16.888628052909574	34.17227213218365	0.0
4.0	31.85296374881495	17.455193896438086	17.231727687237598	33.460114667509366	0.0
5.0	32.17123380434292	17.24075662498307	18.18766647103968	32.40034309963433	0.0
6.0	31.532436458850615	17.871653649948083	17.756534693693286	32.83937519750801	0.0
7.0	32.14753284276105	17.505981671256375	17.599656900365673	32.746828585616896	0.0
8.0	31.51437858335967	17.67866010563857	18.207981580967	32.59897973003476	0.0
9.0	31.18482235564986	18.193309557130604	17.58949934540201	33.03236874181753	0.0
10.0	31.97936887725159	18.11092050020315	17.6120716897657	32.29763893277956	0.0
11.0	32.083201661324544	17.713647239402285	18.564624621913232	31.63852647735994	0.0
12.0	31.571938061487064	18.25764073856711	17.502595819601822	32.54932057243465	0.11850480790934947
13.0	31.777346395196602	17.605299986456593	17.675274253984018	32.66895399756219	0.2731253668005959
14.0	31.70737212766918	17.502595819601822	18.323100537221794	32.066272403051784	0.40065911245541963
15.0	31.68962361156623	18.020542605001186	17.717714324455645	32.18228454558808	0.38983491338885184
16.0	31.442248930535747	18.126570245127997	17.600325931961702	32.51850342907584	0.31235146329870306
17.0	31.50630602046482	17.895953495223743	18.501059502090676	31.870049518974717	0.22663146324604244
18.0	31.443836921750574	18.341765546656987	17.818817070127277	32.25264877373687	0.14293168772829368
19.0	32.073201189746385	17.84846627159821	17.60211611379788	32.171968303703196	0.3042481211543264
20.0	31.657372599348086	17.636770434644347	18.37045281604561	31.899283353587204	0.43612079637474593
21.0	31.611532694142774	18.115826782387423	17.702321988458216	32.029581496796474	0.5407370382151133
22.0	31.854517297137264	17.7583183402036	17.761734496344715	32.216629848094925	0.4088000182194994
23.0	31.662579136485487	17.702617920492784	18.333428392174756	31.955740603433526	0.34563394741344894
24.0	31.656615497076025	18.16063596491228	17.613532529239766	32.21970942982456	0.3495065789473684
25.0	31.69370790884872	17.820921803359287	17.620828045141153	32.44148686813249	0.42305537451834574
26.0	32.17760582404249	17.485863418877774	18.47943041597033	31.33971291866029	0.5173874224491197
27.0	31.68855878779543	18.08449671045091	17.449510579281572	32.143593975655044	0.633839946817046
28.0	31.981076829450334	17.46489223667742	17.42585171491233	32.35540653813915	0.7727726808207696
29.0	31.89506385916465	17.664250373950065	18.048555977447936	31.430215165113335	0.9619146243240133
30.0	31.756889252880853	17.777675244829457	17.34396087342692	31.919532142156804	1.2019424867059625
31.0	31.813553045732274	17.562719866691353	17.497917052397703	31.656174782447692	1.4696352527309757
32.0	31.741292376327344	17.263052722076353	17.760299277365988	31.44271208495016	1.7926435392801543
33.0	31.43687756126607	17.410187855366548	17.428868314438827	31.619012037220816	2.105054231707744
34.0	31.46947595894111	17.29852253775867	17.00490921476053	31.80067178728302	2.426420501256665
35.0	31.168447078586553	17.22090120784091	17.72604133394849	31.16016609291266	2.724444286711384
36.0	31.01683999618357	17.401726934452817	17.307508825493752	31.183808796870526	3.090115446999332
37.0	31.208473760231104	17.12445835339432	16.993259508907077	31.24939817043813	3.424410207029369
38.0	30.892153524346938	17.040424186408522	17.48309578245853	30.88485673979666	3.699469766989347
39.0	31.031172698967474	17.130831805259856	16.89331380681049	30.986868823609043	3.9578128653531386
40.0	31.02511372842276	16.93899171184645	16.82058951829002	31.021374711784134	4.1939303296566335
41.0	30.97643522844947	16.885560578890207	17.343974945066044	30.275553759502944	4.51847548809133
42.0	30.710780230904266	17.158929280762674	16.536179700413886	30.73128227470176	4.862828513217411
43.0	30.849486145440352	16.522700663457787	16.514895277741644	30.836477169246777	5.276440744113438
44.0	30.9160406306211	16.60406306210983	16.9770394667231	29.95053433499101	5.552322505554968
45.0	30.33833472510303	17.094523610699568	16.342967971338524	30.416453411631604	5.8077202812272715
46.0	30.345812618452495	16.399318812316313	16.557255472848627	30.79627544153597	5.9013376548465954
47.0	30.672174765439014	16.209214395742894	17.006021565607057	29.971992718106712	6.140596555104327
48.0	30.431549746904224	16.762947922326767	16.22100837932908	30.302856979437752	6.281636972002174
49.0	30.520892625187912	16.58274588788184	16.15949326444532	30.3107258052746	6.426142417210327
50.0	30.04401342782544	16.47295785154793	16.851920925027976	30.143976128310335	6.487131667288325
51.0	30.10329412123709	16.702522085412184	16.656749210417907	29.88968737126379	6.647747211669032
52.0	30.731197554356303	16.155597841345106	16.52369217331628	29.786006176498113	6.8035062544841995
53.0	30.502417154618122	16.415910142476505	16.696714903393588	29.427062558833384	6.957895240678398
54.0	29.903242677824267	16.53209989539749	16.58930439330544	29.932662133891213	7.04269089958159
55.0	30.251707055830767	16.384388807069218	16.36430579729549	29.873477038425495	7.126121301379033
56.0	30.218121956238424	16.463749228342138	16.64037313944715	29.453323273201182	7.22443240277111
57.0	30.150329670329672	16.323516483516485	16.355164835164835	29.93054945054945	7.24043956043956
58.0	30.47536670631059	16.254009442462248	16.032363859155947	29.855479871697842	7.382780120373374
59.0	30.25340554128237	16.272665101750363	16.82716300389997	29.281185886180065	7.365580466887234
60.0	30.132494266163732	16.409196883825842	16.066114449267396	30.00170593475747	7.390488465985556
61.0	30.254684125532616	16.279160262272114	15.954238574235852	30.097087378640776	7.414829659318638
62.0	30.404245979488408	16.11397102837304	16.854224031286165	29.14920786942815	7.478351091424239
63.0	29.737197593024682	16.539768308158337	16.01784764009988	30.11993941626755	7.585247042449547
64.0	30.32614634556382	16.00470726684319	16.172823939814233	30.008826125330977	7.487496322447779
65.0	30.565020487384086	16.120336424412336	16.342462799223636	29.38969161095536	7.582488678024585
66.0	30.346385542168676	16.681431608788095	15.917345854004253	29.566796598157335	7.488040396881644
67.0	30.309156577243712	16.21425164118756	16.03479999091384	29.90482247915862	7.5369693114962635
68.0	30.690250618378684	16.112848275540205	16.623885751621785	29.157138190133942	7.415877164325384
69.0	30.104618036436765	16.39893706159776	16.063776304134446	29.93703765770511	7.495630940125925
70.0	30.2297015108709	16.727674732833805	16.123326372681486	29.38459648691807	7.534700896695738
71.0	29.861881238028026	16.158382901502165	16.71287428168162	29.655207178142955	7.611654400645226
72.0	30.261387163561075	16.850414078674948	15.991200828157352	29.210662525879915	7.686335403726709
73.0	30.493118656676764	15.869599872469312	15.8430309793294	30.046761251926245	7.747489239598278
74.0	29.70045831514622	16.354757747708422	16.761239633347884	29.506765604539503	7.676778699257966
75.0	30.16260162601626	16.450798990748527	16.34987384356602	29.666386319035603	7.370339220633586
76.0	30.214273371349577	16.289384252059214	16.061862795921893	30.096192615632738	7.338286965036576
77.0	30.264168784350808	16.38792033567756	16.43224395721293	29.702736244902784	7.212930677855919
78.0	30.410701855270723	16.830604400593202	16.09818104778911	29.12744771647347	7.533064979873491
79.0	30.533971529806674	16.264685771119538	16.404550257972275	29.36843413936719	7.4283583017343195
80.0	30.237890513040988	16.639597465048883	16.391197732556286	29.30798382217127	7.4233304671825735
81.0	30.374443571615608	16.728855721393035	16.02841057868552	29.736187483634456	7.13210264467138
82.0	30.281359118990064	16.51222132688692	16.3846360461993	29.72737040021488	7.094413107708837
83.0	30.013759889920884	16.5187478500172	16.71138630890953	29.58720330237358	7.16890264877881
84.0	29.862897825397383	16.818806611919783	16.28308603249568	29.936911852817822	7.098297677369329
85.0	30.295254960066497	16.23360196595714	16.05290737595316	30.436196740269594	6.982038957753605
86.0	30.526939894760247	16.571555621433337	16.4233306158749	29.741347365300523	6.7368265026309935
87.0	30.01251944307447	17.0492052050533	16.381501574414813	29.80765582912857	6.749117948328844
88.0	30.436302886670035	16.663429037647152	16.107851897898133	30.06721317844516	6.7252029993395235
89.0	30.423553719008268	16.572631913541006	16.99777495232041	29.009059122695486	6.996980292434837
90.0	30.13425549227014	16.79414157851912	16.069975589910495	29.894222945484135	7.107404393816111
91.0	30.552315894701763	16.706931022992336	16.12795734755082	29.22359213595468	7.3892035988004
92.0	29.88422266843252	16.05075404793438	16.755671380356304	29.803050369547574	7.506301533729226
93.0	29.479262470984978	16.559365830158104	16.0075329566855	29.98729908465817	7.966539657513248
94.0	29.50886030403886	16.227399478276514	15.746154538094808	30.09804803454169	8.419537645048125
95.0	30.110854503464203	16.51270207852194	16.244803695150114	28.37875288683603	8.752886836027713
96.0	30.098981631293427	16.96488055581993	16.33196916341487	29.642143333016087	6.962025316455696
97.0	29.604164620371282	16.358903840487184	15.985659561929083	29.97740889892938	8.073863078283077
98.0	23.614274867122248	12.589217919514049	13.014426727410783	22.880283472538597	27.901797013414324
99.0	22.581965116873818	12.689887985269296	11.544166538795968	22.290419927369445	30.893560431691476
100.0	22.400897531787585	12.725718559675178	12.255582861416817	22.609253125333904	30.008547921786516
101.0	30.106016990802498	15.460226075967142	15.249596292915818	28.519272625149195	10.664888015165344
102.0	29.40566945451854	15.824143290652062	15.468877211161274	30.441862186366663	8.859447857301458
103.0	29.860316006411725	15.525532402106709	16.036943744752307	29.66949087855889	8.90771696817037
104.0	30.077019805092736	15.592580949386987	16.339201508959448	29.14963847846589	8.84155925809494
105.0	30.136430079584215	16.915705700828326	15.185967191814195	29.15380867305506	8.608088354718207
106.0	29.906150494385784	17.052119993296465	15.677895089659796	28.75816993464052	8.60566448801743
107.0	30.20087938615398	15.923786533321838	16.260022415725494	29.07147167859298	8.543839986205708
108.0	30.4336236004976	16.136484805402525	15.754398436111606	29.242935845032875	8.432557312955394
109.0	29.32061978545888	16.65902631337673	16.365636747043183	29.49481984046942	8.159897313651783
110.0	29.468325791855204	16.89291101055807	16.958898944193063	28.355957767722472	8.323906485671191
111.0	29.60698689956332	16.31246967491509	16.73944687045124	28.81125667151868	8.529839883551674
112.0	30.368373764600182	16.232404911650196	16.142557651991616	28.521513427173804	8.735150244584206
113.0	30.303341902313623	15.90745501285347	16.030848329048844	28.997429305912597	8.760925449871465
114.0	30.256736685762785	15.860386165924039	16.44387863356673	28.62295777636325	8.816040738383196
115.0	29.56683439072413	15.631152920586306	15.99212426164953	29.927805731787355	8.88208269525268
116.0	30.17017919531162	16.01487659190804	16.105037754987038	28.5247379691198	9.185168488673504
117.0	29.912739965095987	16.19546247818499	15.78824898196626	29.1564863292612	8.947062245491564
118.0	30.264105642256904	16.266506602641055	15.486194477791116	29.219687875150058	8.763505402160865
119.0	29.535864978902953	16.207495656490444	16.505336311739885	28.95259369570613	8.798709357160586
120.0	28.865320725785843	16.59851776130846	15.512394582162022	29.64477383082034	9.378993099923333
121.0	29.61842105263158	16.13157894736842	16.092105263157894	28.89473684210526	9.263157894736842
122.0	28.371206966934277	16.274323037147912	17.158797115253776	28.99714246836304	9.198530412300993
123.0	29.864636209813877	16.116751269035532	15.848843767625493	29.610829103214893	8.558939650310208
124.0	29.94489559164733	16.444315545243622	15.748259860788863	29.20533642691415	8.657192575406032
125.0	30.436085718567362	15.944852390229283	15.839952045556721	29.147310055447324	8.631799790199311
126.0	30.084811102544336	15.697764070932921	15.343099460292983	29.622205088666153	9.252120277563607
127.0	31.084299095094458	15.73265597713923	15.161136688363234	28.766470868391806	9.255437371011272
128.0	30.539609644087257	15.97506970641299	16.204690831556505	28.0793833032639	9.201246514679351
129.0	30.26338147833475	16.295666949872558	16.176720475785896	28.64910790144435	8.615123194562447
130.0	30.09097270818754	16.46256123163051	15.58782365290413	28.813855843247026	9.04478656403079
131.0	29.877167630057805	15.841763005780345	16.076589595375722	28.99205202312139	9.21242774566474
132.0	29.360357010040904	15.972480476013388	15.76794347341019	29.174414280401635	9.724804760133878
133.0	29.948066935949218	14.829774956722447	16.080015387574534	29.505674168109252	9.636468551644548
134.0	30.64066852367688	16.79267807401512	15.519299641862316	27.914842817349783	9.132510943095902
135.0	30.072090628218334	15.633367662203915	15.859938208032956	29.186405767250257	9.248197734294541
136.0	29.565772669220948	15.432098765432098	16.177096636866754	29.629629629629626	9.195402298850574
137.0	29.844536895117145	16.422158966498795	16.203196846945477	28.268009634333257	9.262097657105322
138.0	29.70948706309578	16.591012256014526	15.093054925102134	29.096686336813438	9.509759418974125
139.0	29.746835443037973	15.400843881856542	16.221284575714957	29.13736521331458	9.49367088607595
140.0	29.39189189189189	16.843629343629342	15.444015444015443	27.99227799227799	10.328185328185329
141.0	29.320290945573113	15.65086531226486	15.82643591672937	29.345372460496616	9.857035364936042
142.0	28.98212898212898	16.213416213416213	16.653716653716653	28.12742812742813	10.023310023310025
143.0	30.139935414424112	15.877287405812702	15.231431646932187	29.009687836383208	9.741657696447794
144.0	29.744017807456874	16.666666666666664	15.275459098497496	28.213689482470784	10.10016694490818
145.0	30.65630397236615	15.889464594127805	14.565342544617154	28.41105354058722	10.47783534830167
146.0	28.47346451997615	15.533691115086464	15.77221228384019	29.457364341085274	10.763267740011926
147.0	29.526462395543174	16.527390900649955	15.567935623645928	27.638502011761062	10.739709068399875
148.0	29.77491961414791	15.466237942122184	15.305466237942122	28.42443729903537	11.028938906752412
149.0	30.47109923154026	14.333444704310056	16.338122285332442	28.09889742733044	10.758436351486802
150.0	27.947295423023576	16.22746185852982	16.36615811373093	28.779472954230233	10.679611650485436
151.0	29.526563064691004	15.648717022045536	15.829418142392482	29.16516082399711	9.83014094687387
152.0	30.213403219767876	15.050542867839761	16.360913515537252	27.70497940846125	10.67016098839386
153.0	27.48447204968944	17.546583850931675	15.02329192546584	28.416149068322984	11.529503105590063
154.0	29.338677354709418	14.869739478957916	15.27054108216433	28.13627254509018	12.384769539078157
155.0	28.373847443419947	15.465213746856662	16.177703269069575	28.667225481978203	11.316010058675607
156.0	30.495831505046073	15.313734093900832	14.743308468626589	28.696796840719614	10.75032909170689
157.0	29.505946935041173	15.873741994510521	15.873741994510521	27.44739249771272	11.299176578225069
158.0	29.584120982986768	15.784499054820417	15.359168241965973	26.65406427221172	12.618147448015124
159.0	29.941002949852507	15.29006882989184	15.781710914454278	26.10619469026549	12.881022615535889
160.0	29.138731304796288	14.285714285714285	14.646725116039194	28.777720474471373	13.151108818978855
161.0	30.12439156300703	15.900486749594375	16.116819902650082	25.040562466197947	12.817739318550567
162.0	29.909706546275395	15.237020316027088	14.954853273137697	26.63656884875846	13.261851015801355
163.0	27.850356294536816	14.964370546318289	14.84560570071259	28.50356294536817	13.836104513064132
164.0	29.404466501240694	13.027295285359802	16.00496277915633	26.799007444168733	14.764267990074442
165.0	27.781392322706573	14.964216005204944	13.728041639557581	28.952504879635654	14.57384515289525
166.0	30.04824259131633	14.748449345279118	13.990351481736733	27.77394900068918	13.439007580978634
167.0	28.38427947598253	15.283842794759824	14.556040756914118	28.966521106259098	12.809315866084425
168.0	27.037319116527037	16.755521706016754	14.31835491241432	28.179741051028177	13.709063214013709
169.0	28.742038216560513	14.251592356687897	14.171974522292993	28.980891719745223	13.853503184713375
170.0	26.878130217028378	14.607679465776293	15.442404006677796	28.547579298831387	14.524207011686144
171.0	26.301853486319505	15.710503089143865	15.798764342453664	26.831421006178285	15.35745807590468
172.0	28.373382624768944	13.67837338262477	14.510166358595194	25.41589648798521	18.02218114602588
173.0	27.34375	14.94140625	14.74609375	23.92578125	19.04296875
174.0	25.443169968717417	15.224191866527633	13.242961418143901	26.173096976016687	19.91657977059437
175.0	24.126268320180383	15.558060879368659	13.641488162344984	26.944757609921083	19.729425028184895
176.0	26.658624849215922	13.99276236429433	12.18335343787696	27.141133896260556	20.02412545235223
177.0	23.177083333333336	14.84375	13.28125	27.213541666666668	21.484375
178.0	25.56179775280899	15.308988764044946	13.48314606741573	21.48876404494382	24.15730337078652
179.0	25.037707390648567	15.082956259426847	13.423831070889895	21.116138763197586	25.339366515837103
180.0	26.202321724709783	10.779436152570481	13.764510779436154	23.0514096185738	26.202321724709783
181.0	24.814814814814813	10.37037037037037	11.851851851851853	25.555555555555554	27.40740740740741
182.0	26.262626262626267	14.545454545454545	10.707070707070706	21.01010101010101	27.474747474747474
183.0	18.876404494382022	15.056179775280897	13.93258426966292	21.573033707865168	30.56179775280899
184.0	26.02040816326531	9.183673469387756	11.224489795918368	20.153061224489797	33.41836734693878
185.0	22.284122562674096	9.749303621169917	11.977715877437326	20.61281337047354	35.37604456824512
186.0	18.446601941747574	10.679611650485436	9.70873786407767	19.093851132686083	42.07119741100323
187.0	13.793103448275861	7.662835249042145	10.727969348659004	18.773946360153257	49.042145593869726
188.0	13.793103448275861	8.189655172413794	6.4655172413793105	13.36206896551724	58.189655172413794
189.0	13.966480446927374	13.966480446927374	10.614525139664805	15.083798882681565	46.36871508379888
190.0	22.55639097744361	15.037593984962406	14.285714285714285	15.789473684210526	32.33082706766917
191.0	30.927835051546392	15.463917525773196	16.49484536082474	27.835051546391753	9.278350515463918
192.0	22.916666666666664	20.833333333333336	21.875	23.958333333333336	10.416666666666668
193.0	37.77777777777778	14.444444444444443	17.77777777777778	24.444444444444443	5.555555555555555
194.0	30.681818181818183	21.59090909090909	13.636363636363635	29.545454545454547	4.545454545454546
195.0	27.906976744186046	23.25581395348837	16.27906976744186	26.744186046511626	5.813953488372093
196.0	29.411764705882355	12.941176470588237	21.176470588235293	27.058823529411764	9.411764705882353
197.0	27.380952380952383	23.809523809523807	9.523809523809524	28.57142857142857	10.714285714285714
198.0	32.098765432098766	14.814814814814813	18.51851851851852	25.925925925925924	8.641975308641975
199.0	29.87012987012987	18.181818181818183	25.97402597402597	19.480519480519483	6.493506493506493
200.0	42.66666666666667	16.0	8.0	29.333333333333332	4.0
201.0	24.324324324324326	24.324324324324326	16.216216216216218	29.72972972972973	5.405405405405405
202.0	23.61111111111111	19.444444444444446	26.38888888888889	27.77777777777778	2.7777777777777777
203.0	37.5	19.444444444444446	12.5	26.38888888888889	4.166666666666666
204.0	30.0	21.428571428571427	14.285714285714285	30.0	4.285714285714286
205.0	37.142857142857146	11.428571428571429	15.714285714285714	31.428571428571427	4.285714285714286
206.0	37.68115942028986	10.144927536231885	24.637681159420293	23.18840579710145	4.3478260869565215
207.0	31.343283582089555	20.8955223880597	20.8955223880597	22.388059701492537	4.477611940298507
208.0	29.850746268656714	13.432835820895523	17.91044776119403	31.343283582089555	7.462686567164178
209.0	34.84848484848485	9.090909090909092	19.696969696969695	27.27272727272727	9.090909090909092
210.0	31.25	17.1875	12.5	31.25	7.8125
211.0	40.32258064516129	20.967741935483872	11.29032258064516	16.129032258064516	11.29032258064516
212.0	36.666666666666664	15.0	20.0	18.333333333333332	10.0
213.0	27.11864406779661	15.254237288135593	25.423728813559322	23.728813559322035	8.47457627118644
214.0	29.09090909090909	18.181818181818183	23.636363636363637	27.27272727272727	1.8181818181818181
215.0	25.925925925925924	27.77777777777778	16.666666666666664	27.77777777777778	1.8518518518518516
216.0	20.37037037037037	25.925925925925924	20.37037037037037	29.629629629629626	3.7037037037037033
217.0	27.77777777777778	29.629629629629626	14.814814814814813	24.074074074074073	3.7037037037037033
218.0	28.30188679245283	20.754716981132077	20.754716981132077	26.41509433962264	3.7735849056603774
219.0	28.846153846153843	13.461538461538462	21.153846153846153	30.76923076923077	5.769230769230769
220.0	30.76923076923077	28.846153846153843	9.615384615384617	23.076923076923077	7.6923076923076925
221.0	35.294117647058826	25.49019607843137	13.725490196078432	13.725490196078432	11.76470588235294
222.0	32.6530612244898	18.367346938775512	8.16326530612245	30.612244897959183	10.204081632653061
223.0	29.166666666666668	8.333333333333332	20.833333333333336	31.25	10.416666666666668
224.0	35.55555555555556	13.333333333333334	20.0	26.666666666666668	4.444444444444445
225.0	43.18181818181818	13.636363636363635	11.363636363636363	29.545454545454547	2.272727272727273
226.0	34.883720930232556	9.30232558139535	20.930232558139537	34.883720930232556	0.0
227.0	37.2093023255814	18.6046511627907	13.953488372093023	27.906976744186046	2.3255813953488373
228.0	30.23255813953488	25.581395348837212	16.27906976744186	23.25581395348837	4.651162790697675
229.0	20.930232558139537	23.25581395348837	13.953488372093023	34.883720930232556	6.976744186046512
230.0	33.33333333333333	4.761904761904762	23.809523809523807	30.952380952380953	7.142857142857142
231.0	29.268292682926827	17.073170731707318	17.073170731707318	29.268292682926827	7.317073170731707
232.0	20.0	25.0	12.5	32.5	10.0
233.0	30.76923076923077	12.82051282051282	17.94871794871795	25.64102564102564	12.82051282051282
234.0	26.31578947368421	18.421052631578945	21.052631578947366	23.684210526315788	10.526315789473683
235.0	30.555555555555557	13.88888888888889	30.555555555555557	19.444444444444446	5.555555555555555
236.0	32.35294117647059	29.411764705882355	14.705882352941178	23.52941176470588	0.0
237.0	32.35294117647059	26.47058823529412	20.588235294117645	17.647058823529413	2.941176470588235
238.0	29.411764705882355	20.588235294117645	5.88235294117647	41.17647058823529	2.941176470588235
239.0	32.35294117647059	23.52941176470588	14.705882352941178	23.52941176470588	5.88235294117647
240.0	30.303030303030305	18.181818181818183	18.181818181818183	27.27272727272727	6.0606060606060606
241.0	27.27272727272727	12.121212121212121	15.151515151515152	33.33333333333333	12.121212121212121
242.0	37.5	12.5	9.375	25.0	15.625
243.0	19.35483870967742	9.67741935483871	19.35483870967742	38.70967741935484	12.903225806451612
244.0	37.93103448275862	20.689655172413794	13.793103448275861	17.24137931034483	10.344827586206897
245.0	18.51851851851852	25.925925925925924	25.925925925925924	22.22222222222222	7.4074074074074066
246.0	25.925925925925924	22.22222222222222	3.7037037037037033	37.03703703703704	11.11111111111111
247.0	19.230769230769234	23.076923076923077	19.230769230769234	30.76923076923077	7.6923076923076925
248.0	36.0	16.0	12.0	28.000000000000004	8.0
249.0	20.833333333333336	16.666666666666664	12.5	41.66666666666667	8.333333333333332
250.0	37.5	8.333333333333332	20.833333333333336	25.0	8.333333333333332
251.0	39.130434782608695	13.043478260869565	13.043478260869565	30.434782608695656	4.3478260869565215
252.0	31.818181818181817	22.727272727272727	22.727272727272727	22.727272727272727	0.0
253.0	45.45454545454545	18.181818181818183	9.090909090909092	22.727272727272727	4.545454545454546
254.0	27.27272727272727	27.27272727272727	18.181818181818183	18.181818181818183	9.090909090909092
255.0	31.818181818181817	13.636363636363635	9.090909090909092	31.818181818181817	13.636363636363635
256.0	28.57142857142857	4.761904761904762	9.523809523809524	38.095238095238095	19.047619047619047
257.0	15.0	15.0	25.0	30.0	15.0
258.0	10.526315789473683	21.052631578947366	36.84210526315789	21.052631578947366	10.526315789473683
259.0	23.52941176470588	5.88235294117647	52.94117647058824	17.647058823529413	0.0
260.0	29.411764705882355	29.411764705882355	11.76470588235294	29.411764705882355	0.0
261.0	41.17647058823529	11.76470588235294	17.647058823529413	23.52941176470588	5.88235294117647
262.0	35.294117647058826	29.411764705882355	23.52941176470588	5.88235294117647	5.88235294117647
263.0	23.52941176470588	17.647058823529413	29.411764705882355	23.52941176470588	5.88235294117647
264.0	43.75	0.0	18.75	25.0	12.5
265.0	31.25	12.5	12.5	31.25	12.5
266.0	18.75	12.5	18.75	31.25	18.75
267.0	28.57142857142857	7.142857142857142	35.714285714285715	14.285714285714285	14.285714285714285
268.0	21.428571428571427	35.714285714285715	0.0	21.428571428571427	21.428571428571427
269.0	15.384615384615385	7.6923076923076925	30.76923076923077	30.76923076923077	15.384615384615385
270.0	41.66666666666667	25.0	16.666666666666664	8.333333333333332	8.333333333333332
271.0	36.36363636363637	0.0	36.36363636363637	27.27272727272727	0.0
272.0	36.36363636363637	27.27272727272727	18.181818181818183	18.181818181818183	0.0
273.0	27.27272727272727	18.181818181818183	9.090909090909092	36.36363636363637	9.090909090909092
274.0	9.090909090909092	9.090909090909092	18.181818181818183	9.090909090909092	54.54545454545454
275.0	0.0	27.27272727272727	9.090909090909092	0.0	63.63636363636363
276.0	10.0	0.0	20.0	10.0	60.0
277.0	0.0	0.0	60.0	20.0	20.0
278.0	25.0	0.0	0.0	50.0	25.0
279.0	0.0	50.0	0.0	25.0	25.0
280.0	0.0	0.0	0.0	25.0	75.0
281.0	0.0	0.0	0.0	33.33333333333333	66.66666666666666
282.0	0.0	0.0	33.33333333333333	0.0	66.66666666666666
283.0	0.0	0.0	0.0	100.0	0.0
284.0	0.0	100.0	0.0	0.0	0.0
285.0	0.0	100.0	0.0	0.0	0.0
286.0	0.0	0.0	100.0	0.0	0.0
287.0	100.0	0.0	0.0	0.0	0.0
288.0	0.0	0.0	0.0	0.0	100.0
289.0	0.0	0.0	0.0	0.0	100.0
290.0	0.0	0.0	0.0	0.0	100.0
