# Position (bp)	A	C	G	T	N
0.0	0.0	0.0	0.0	0.0	100.0
1.0	0.0	0.0	0.0	0.0	100.0
2.0	0.0	0.0	0.0	0.0	100.0
3.0	24.026728646135968	23.387565368971526	26.00232423009878	26.583381754793724	0.0
4.0	24.898314933178384	23.532829750145265	25.886112725159794	25.68274259151656	0.0
5.0	23.939570017431723	23.634514816966878	26.583381754793724	25.842533410807672	0.0
6.0	25.769901220220802	23.067983730389308	25.900639163277166	25.261475886112727	0.0
7.0	24.840209180708893	24.259151656013945	25.610110400929692	25.290528762347474	0.0
8.0	24.128413712957585	24.506101104009296	25.668216153399186	25.697269029633933	0.0
9.0	24.36083672283556	24.85473561882626	25.79895409645555	24.985473561882625	0.0
10.0	24.346310284718186	24.92736780941313	25.653689715281814	25.07263219058687	0.0
11.0	23.76525276002324	25.276002324230102	25.784427658338178	25.174317257408486	0.0
12.0	22.472399767576988	24.128413712957585	24.782103428239395	24.28820453224869	4.328878558977339
13.0	23.213248111563047	22.298082510168506	23.285880302149913	23.009877977919814	8.19291109819872
14.0	21.252178965717604	20.90354445090064	22.123765252760023	22.50145264381174	13.219058686809996
15.0	21.059823868812632	21.87974491345278	21.68235651381719	23.03370786516854	12.344366838748861
16.0	21.424050632911392	22.59493670886076	22.674050632911392	22.120253164556964	11.186708860759493
17.0	22.464010713090058	23.150318044861066	23.752929360562437	23.26749246735855	7.365249414127888
18.0	23.072925688550146	24.510653040013857	23.159535769963625	24.198856746925344	5.0580287545470295
19.0	22.21628362729378	22.26973098164974	22.804204525209336	21.378941742383752	11.33083912346339
20.0	20.617997831586557	21.991326346223346	21.720274665702927	19.31694976508854	16.353451391398625
21.0	20.160554643313265	20.835613939062213	20.67141032658274	18.117131910235358	20.215289180806423
22.0	18.485031143258993	23.688969258589513	22.965641952983727	19.349005424954793	15.511352220212979
23.0	21.127673363577447	23.871246489522573	24.692158133506155	19.07539425361849	11.23352775977533
24.0	22.38737708666819	24.925680310999315	24.079579236222273	20.78664532357649	7.82071804253373
25.0	22.972651605231867	26.68252080856124	24.470868014268728	20.42806183115339	5.445897740784781
26.0	22.73059138476515	25.67534679970796	25.45631540520808	21.854465806765635	4.283280603553176
27.0	20.912924832547755	27.561399156536844	24.162738774497644	23.889853634333914	3.47308360208385
28.0	22.711267605633804	25.90543259557344	25.653923541247487	22.535211267605636	3.194164989939638
29.0	22.756165776760742	27.66336130180524	24.637681159420293	21.688278667683704	3.2545130943300276
30.0	21.536879979439732	28.19326651246466	24.595219737856592	22.076586995630944	3.5980467746080698
31.0	23.07092751363991	25.694985710574176	25.850870355936607	21.382177188880227	4.0010392309690825
32.0	22.339027595269382	24.993429697766096	26.544021024967147	21.603153745072273	4.520367936925099
33.0	21.274326846174354	26.339642761930154	25.56651559584111	21.620901093041855	5.19861370301253
34.0	20.893098782138026	27.144790257104194	23.626522327469555	22.408660351826793	5.926928281461434
35.0	20.809248554913296	26.39691714836224	23.892100192678228	22.87365813377374	6.028075970272502
36.0	21.822272215973005	25.365579302587175	24.521934758155233	22.694038245219346	5.596175478065242
37.0	20.22439585730725	25.05753739930955	26.55350978135788	22.98619102416571	5.178365937859609
38.0	21.528998242530754	25.014645577035736	25.600468658465143	22.378441710603397	5.4774458113649676
39.0	22.073279714030384	24.784033363121836	23.7116473041406	22.192433720583853	7.238605898123325
40.0	19.87257281553398	26.183252427184467	23.027912621359224	22.63349514563107	8.282766990291263
41.0	22.714595599628137	25.069724202045247	23.73721722962504	19.181902696002478	9.296560272699102
42.0	19.556840077071293	24.66281310211946	23.63519588953115	22.736030828516377	9.40912010276172
43.0	19.41779689050612	24.875951042011245	23.155805491233874	22.32881243797552	10.221634138273238
44.0	21.489579774513153	24.086094977792964	22.27536727024257	21.45541510078579	10.693542876665528
45.0	19.78021978021978	24.77844735909252	22.261609358383552	22.013470400567176	11.166253101736972
46.0	19.93367722918202	24.797347089167282	22.21812822402358	22.10759027266028	10.94325718496684
47.0	22.34123947972456	23.794950267788828	22.073450650344302	20.390206579954093	11.400153022188217
48.0	21.987230646448523	21.987230646448523	22.705506783719073	21.787709497206702	11.532322426177174
49.0	19.073231278444354	25.40339263549855	22.879602813405047	21.100537856847332	11.543235415804716
50.0	19.94818652849741	24.568221070811745	22.452504317789295	21.459412780656304	11.57167530224525
51.0	19.350473612990527	25.755525484889493	19.891745602165088	22.95895354082093	12.043301759133964
52.0	21.608980355472404	24.836295603367635	21.000935453695043	20.67352666043031	11.880261927034612
53.0	21.337890625	24.267578125	20.458984375	21.533203125	12.40234375
54.0	19.94871794871795	25.333333333333336	24.666666666666668	18.666666666666668	11.384615384615385
55.0	20.85987261146497	22.717622080679405	22.452229299363058	22.13375796178344	11.836518046709129
56.0	21.57190635451505	26.031215161649946	20.958751393534	20.28985507246377	11.148272017837236
57.0	20.37037037037037	24.363425925925927	23.14814814814815	20.37037037037037	11.747685185185185
58.0	20.95123419626731	23.66044551475015	21.07164358819988	22.09512341962673	12.22155328115593
59.0	19.44792973651192	24.0276035131744	23.27478042659975	20.70263488080301	12.547051442910917
60.0	20.655737704918035	24.0	21.37704918032787	22.360655737704917	11.60655737704918
61.0	20.027434842249658	21.67352537722908	22.70233196159122	21.67352537722908	13.923182441700959
62.0	20.588235294117645	22.66857962697274	19.94261119081779	21.233859397417504	15.566714490674318
63.0	18.397626112759642	23.590504451038576	21.66172106824926	18.24925816023739	18.100890207715135
64.0	19.12350597609562	21.593625498007967	20.159362549800797	21.035856573705182	18.087649402390436
65.0	20.730671197960916	21.75021240441801	19.626168224299064	20.475785896346643	17.41716227697536
66.0	20.28985507246377	19.92753623188406	19.021739130434785	22.735507246376812	18.02536231884058
67.0	19.06614785992218	25.583657587548636	19.16342412451362	19.26070038910506	16.926070038910506
68.0	18.415637860082303	21.91358024691358	22.42798353909465	19.855967078189302	17.386831275720166
69.0	18.563535911602212	23.756906077348066	20.331491712707184	20.0	17.34806629834254
70.0	21.779859484777518	20.843091334894616	18.149882903981265	20.725995316159253	18.501170960187356
71.0	19.80074719800747	22.54047322540473	20.17434620174346	21.91780821917808	15.566625155666253
72.0	18.71657754010695	23.796791443850267	22.593582887700535	20.454545454545457	14.43850267379679
73.0	15.373563218390803	27.011494252873565	23.419540229885058	22.126436781609197	12.068965517241379
74.0	19.911504424778762	20.50147492625369	20.64896755162242	23.451327433628318	15.486725663716813
75.0	20.0	21.25	20.78125	24.0625	13.90625
76.0	19.77124183006536	22.385620915032682	20.26143790849673	22.22222222222222	15.359477124183007
77.0	22.862129144851657	21.640488656195462	22.164048865619545	20.069808027923212	13.263525305410123
78.0	23.049001814882033	20.14519056261343	21.415607985480946	21.415607985480946	13.974591651542651
79.0	21.814671814671815	20.27027027027027	19.69111969111969	26.833976833976834	11.389961389961389
80.0	22.535211267605636	21.52917505030181	21.730382293762577	22.334004024144868	11.87122736418511
81.0	21.09704641350211	20.88607594936709	22.151898734177212	26.160337552742618	9.70464135021097
82.0	18.954248366013072	20.915032679738562	27.66884531590414	21.568627450980394	10.893246187363834
83.0	19.406392694063925	22.602739726027394	24.65753424657534	23.059360730593607	10.273972602739725
84.0	19.859813084112147	20.327102803738317	26.168224299065418	22.897196261682243	10.74766355140187
85.0	22.493887530562347	22.249388753056234	21.026894865525673	25.183374083129586	9.04645476772616
86.0	21.882951653944023	22.646310432569976	24.427480916030532	24.173027989821882	6.870229007633588
87.0	22.5130890052356	23.56020942408377	26.439790575916227	21.465968586387437	6.020942408376963
88.0	24.193548387096776	23.9247311827957	23.655913978494624	22.043010752688172	6.182795698924731
89.0	20.491803278688526	25.40983606557377	21.03825136612022	25.40983606557377	7.650273224043716
90.0	22.284122562674096	23.676880222841227	18.105849582172702	27.298050139275766	8.635097493036211
91.0	25.501432664756447	21.20343839541547	18.911174785100286	22.922636103151863	11.461318051575931
92.0	21.597633136094675	21.597633136094675	24.556213017751478	20.414201183431953	11.834319526627219
93.0	23.170731707317074	18.597560975609756	22.865853658536587	21.951219512195124	13.414634146341465
94.0	22.653721682847898	16.181229773462782	21.68284789644013	26.860841423948216	12.62135922330097
95.0	28.523489932885905	19.798657718120804	19.463087248322147	19.12751677852349	13.087248322147651
96.0	22.535211267605636	17.253521126760564	20.774647887323944	28.87323943661972	10.56338028169014
97.0	18.14814814814815	21.48148148148148	21.48148148148148	22.22222222222222	16.666666666666664
98.0	13.513513513513514	9.652509652509652	11.196911196911197	13.513513513513514	52.123552123552116
99.0	13.385826771653544	9.84251968503937	9.05511811023622	15.354330708661418	52.362204724409445
100.0	14.222222222222221	12.444444444444445	11.11111111111111	14.666666666666666	47.55555555555556
101.0	23.387096774193548	19.35483870967742	18.548387096774192	30.64516129032258	8.064516129032258
102.0	28.09917355371901	19.00826446280992	18.181818181818183	26.446280991735538	8.264462809917356
103.0	27.966101694915253	12.711864406779661	27.11864406779661	21.1864406779661	11.016949152542372
104.0	25.438596491228072	18.421052631578945	19.298245614035086	22.807017543859647	14.035087719298245
105.0	27.027027027027028	24.324324324324326	17.117117117117118	18.91891891891892	12.612612612612612
106.0	26.666666666666668	18.095238095238095	20.0	20.0	15.238095238095239
107.0	23.46938775510204	27.55102040816326	15.306122448979592	24.489795918367346	9.183673469387756
108.0	22.68041237113402	19.587628865979383	22.68041237113402	24.742268041237114	10.309278350515463
109.0	25.842696629213485	19.101123595505616	23.595505617977526	23.595505617977526	7.865168539325842
110.0	31.46067415730337	14.606741573033707	17.97752808988764	28.08988764044944	7.865168539325842
111.0	22.988505747126435	16.091954022988507	22.988505747126435	31.03448275862069	6.896551724137931
112.0	28.04878048780488	18.29268292682927	29.268292682926827	21.951219512195124	2.4390243902439024
113.0	26.82926829268293	14.634146341463413	32.926829268292686	18.29268292682927	7.317073170731707
114.0	22.22222222222222	29.629629629629626	25.925925925925924	11.11111111111111	11.11111111111111
115.0	31.25	25.0	17.5	13.750000000000002	12.5
116.0	19.736842105263158	17.105263157894736	26.31578947368421	22.36842105263158	14.473684210526317
117.0	23.61111111111111	20.833333333333336	23.61111111111111	19.444444444444446	12.5
118.0	25.71428571428571	20.0	15.714285714285714	28.57142857142857	10.0
119.0	18.461538461538463	21.53846153846154	32.30769230769231	23.076923076923077	4.615384615384616
120.0	28.57142857142857	12.698412698412698	22.22222222222222	31.746031746031743	4.761904761904762
121.0	19.047619047619047	22.22222222222222	19.047619047619047	30.158730158730158	9.523809523809524
122.0	17.741935483870968	24.193548387096776	22.58064516129032	17.741935483870968	17.741935483870968
123.0	20.0	16.666666666666664	18.333333333333332	30.0	15.0
124.0	24.561403508771928	21.052631578947366	22.807017543859647	19.298245614035086	12.280701754385964
125.0	35.294117647058826	9.803921568627452	23.52941176470588	27.450980392156865	3.9215686274509802
126.0	23.52941176470588	7.8431372549019605	17.647058823529413	41.17647058823529	9.803921568627452
127.0	28.000000000000004	18.0	14.000000000000002	32.0	8.0
128.0	14.285714285714285	18.367346938775512	20.408163265306122	38.775510204081634	8.16326530612245
129.0	19.565217391304348	30.434782608695656	21.73913043478261	23.91304347826087	4.3478260869565215
130.0	34.78260869565217	21.73913043478261	13.043478260869565	26.08695652173913	4.3478260869565215
131.0	33.33333333333333	13.333333333333334	20.0	26.666666666666668	6.666666666666667
132.0	31.818181818181817	18.181818181818183	22.727272727272727	20.454545454545457	6.8181818181818175
133.0	36.36363636363637	9.090909090909092	15.909090909090908	25.0	13.636363636363635
134.0	23.809523809523807	33.33333333333333	16.666666666666664	14.285714285714285	11.904761904761903
135.0	19.51219512195122	21.951219512195124	24.390243902439025	24.390243902439025	9.75609756097561
136.0	34.21052631578947	10.526315789473683	18.421052631578945	34.21052631578947	2.631578947368421
137.0	37.83783783783784	24.324324324324326	8.108108108108109	29.72972972972973	0.0
138.0	24.324324324324326	13.513513513513514	32.432432432432435	21.62162162162162	8.108108108108109
139.0	27.027027027027028	24.324324324324326	16.216216216216218	21.62162162162162	10.81081081081081
140.0	16.216216216216218	27.027027027027028	16.216216216216218	27.027027027027028	13.513513513513514
141.0	20.588235294117645	14.705882352941178	35.294117647058826	23.52941176470588	5.88235294117647
142.0	39.39393939393939	18.181818181818183	9.090909090909092	27.27272727272727	6.0606060606060606
143.0	28.125	15.625	15.625	34.375	6.25
144.0	12.5	34.375	25.0	18.75	9.375
145.0	25.806451612903224	16.129032258064516	16.129032258064516	32.25806451612903	9.67741935483871
146.0	20.0	16.666666666666664	10.0	30.0	23.333333333333332
147.0	27.586206896551722	10.344827586206897	13.793103448275861	20.689655172413794	27.586206896551722
148.0	25.0	7.142857142857142	10.714285714285714	21.428571428571427	35.714285714285715
149.0	17.391304347826086	26.08695652173913	17.391304347826086	13.043478260869565	26.08695652173913
150.0	33.33333333333333	9.523809523809524	9.523809523809524	23.809523809523807	23.809523809523807
151.0	33.33333333333333	11.11111111111111	5.555555555555555	38.88888888888889	11.11111111111111
152.0	17.647058823529413	17.647058823529413	5.88235294117647	35.294117647058826	23.52941176470588
153.0	31.25	18.75	6.25	18.75	25.0
154.0	37.5	12.5	6.25	18.75	25.0
155.0	30.76923076923077	7.6923076923076925	23.076923076923077	30.76923076923077	7.6923076923076925
156.0	16.666666666666664	33.33333333333333	25.0	16.666666666666664	8.333333333333332
157.0	25.0	16.666666666666664	25.0	25.0	8.333333333333332
158.0	8.333333333333332	33.33333333333333	8.333333333333332	33.33333333333333	16.666666666666664
159.0	18.181818181818183	9.090909090909092	9.090909090909092	45.45454545454545	18.181818181818183
160.0	0.0	27.27272727272727	9.090909090909092	36.36363636363637	27.27272727272727
161.0	10.0	10.0	10.0	50.0	20.0
162.0	11.11111111111111	22.22222222222222	11.11111111111111	44.44444444444444	11.11111111111111
163.0	25.0	12.5	37.5	25.0	0.0
164.0	12.5	25.0	25.0	37.5	0.0
165.0	25.0	12.5	25.0	25.0	12.5
166.0	37.5	0.0	25.0	25.0	12.5
167.0	0.0	25.0	12.5	50.0	12.5
168.0	14.285714285714285	28.57142857142857	14.285714285714285	42.857142857142854	0.0
169.0	14.285714285714285	57.14285714285714	14.285714285714285	14.285714285714285	0.0
170.0	0.0	14.285714285714285	28.57142857142857	28.57142857142857	28.57142857142857
171.0	28.57142857142857	28.57142857142857	0.0	14.285714285714285	28.57142857142857
172.0	14.285714285714285	0.0	28.57142857142857	28.57142857142857	28.57142857142857
173.0	0.0	0.0	20.0	60.0	20.0
174.0	20.0	0.0	20.0	40.0	20.0
175.0	0.0	20.0	40.0	20.0	20.0
176.0	50.0	25.0	0.0	0.0	25.0
177.0	25.0	25.0	0.0	25.0	25.0
178.0	0.0	25.0	25.0	25.0	25.0
179.0	66.66666666666666	33.33333333333333	0.0	0.0	0.0
180.0	0.0	0.0	0.0	33.33333333333333	66.66666666666666
181.0	33.33333333333333	0.0	0.0	0.0	66.66666666666666
182.0	33.33333333333333	0.0	0.0	0.0	66.66666666666666
183.0	0.0	0.0	0.0	100.0	0.0
184.0	100.0	0.0	0.0	0.0	0.0
185.0	100.0	0.0	0.0	0.0	0.0
186.0	100.0	0.0	0.0	0.0	0.0
187.0	0.0	0.0	0.0	100.0	0.0
188.0	0.0	0.0	0.0	0.0	100.0
189.0	0.0	0.0	0.0	0.0	100.0
190.0	0.0	0.0	0.0	0.0	100.0
