# Position (bp)	A	C	G	T	N
0.0	24.361065796628605	24.034801522566614	25.394235997824904	26.20989668297988	0.0
1.0	24.72358165669748	23.255392423418524	27.986224397317383	23.998549936559723	0.036251586006887805
2.0	25.32173282581113	25.593619720862787	26.300525647997098	22.784121805328983	0.0
3.0	23.672285662497732	25.067971723762916	27.24306688417618	24.01667572956317	0.0
4.0	23.074134493384086	24.324814210621714	28.149356534348378	24.451694761645822	0.0
5.0	24.089178901576943	25.122349102773246	27.025557368134855	23.762914627514952	0.0
6.0	24.90483958673192	24.270436831611384	27.061808954141743	23.762914627514952	0.0
7.0	25.847380822911003	24.034801522566614	26.155519303969548	23.962298350552835	0.0
8.0	25.557368134855903	23.907920971542502	26.26427406199021	24.270436831611384	0.0
9.0	25.756751857893782	24.614826898676817	25.79300344390067	23.83541779952873	0.0
10.0	24.614826898676817	24.886713793728475	27.27931847018307	23.219140837411636	0.0
11.0	23.762914627514952	26.463657785028094	26.753670473083197	23.019757114373753	0.0
12.0	24.089178901576943	25.79300344390067	26.083016131955773	24.034801522566614	0.0
13.0	23.708537248504623	25.339858618814574	25.756751857893782	25.19485227478702	0.0
14.0	24.850462207721588	24.705455863694038	26.318651441000547	24.12543048758383	0.0
15.0	25.484864962842124	25.774877650897228	25.08609751676636	23.65415986949429	0.0
16.0	25.08609751676636	25.847380822911003	25.43048758383179	23.636034076490848	0.0
17.0	24.777959035707813	26.064890338952328	26.155519303969548	23.00163132137031	0.0
18.0	24.34294000362516	25.666122892876565	25.684248685880007	24.306688417618272	0.0
19.0	24.451694761645822	26.155519303969548	24.977342758745696	24.415443175638934	0.0
20.0	25.17672648178358	25.956135580931665	25.73862606489034	23.128511872394416	0.0
21.0	23.201015044408194	25.629871306869678	25.303607032807683	25.865506615914448	0.0
22.0	25.231103860793908	24.8142106217147	25.79300344390067	24.161682073590722	0.0
23.0	23.527279318470182	26.608664129055647	25.865506615914448	23.998549936559723	0.0
24.0	24.0710531085735	26.028638752945444	25.43048758383179	24.469820554649267	0.0
25.0	23.944172557549393	26.789922059090088	25.756751857893782	23.50915352546674	0.0
26.0	25.19485227478702	25.140474895776688	25.539242341852457	24.12543048758383	0.0
27.0	25.158600688780137	25.339858618814574	25.847380822911003	23.65415986949429	0.0
28.0	24.72358165669748	25.08609751676636	24.614826898676817	25.575493927859345	0.0
29.0	24.143556280587276	26.17364509697299	24.86858800072503	24.8142106217147	0.0
30.0	24.83492296404989	25.42186353631695	25.53191489361702	24.21129860601614	0.0
31.0	25.735430157261796	24.99537465309898	24.680851063829788	24.588344125809435	0.0
32.0	24.934628315278296	24.766529697422488	26.279417258124766	24.01942472917445	0.0
33.0	24.957523126297904	24.6932225788182	24.882008684160844	25.46724561072305	0.0
34.0	24.10236822001528	24.904507257448433	25.515660809778456	25.47746371275783	0.0
35.0	23.97909812270176	26.12734662279853	25.972517902070834	23.921037352428876	0.0
36.0	25.318940137389596	24.200196270853777	26.280667320902847	24.200196270853777	0.0
37.0	25.05961844197138	24.284578696343402	25.973767885532588	24.68203497615262	0.0
38.0	23.73119358074223	24.633901705115345	27.101303911735208	24.53360080240722	0.0
39.0	23.961078451246706	25.096290289884454	25.19764848976282	25.744982769106024	0.0
40.0	24.14004914004914	25.696150696150692	25.88042588042588	24.283374283374286	0.0
41.0	24.248704663212436	25.05699481865285	25.637305699481868	25.05699481865285	0.0
42.0	23.52568167406468	26.569435637285988	25.8719086873811	24.032974001268233	0.0
43.0	23.516813022060397	25.38016705932748	25.208824159348897	25.894195759263226	0.0
44.0	23.01518438177874	26.117136659436007	25.07592190889371	25.79175704989154	0.0
45.0	24.115967493960028	25.477707006369428	24.577201844937406	25.829123654733145	0.0
46.0	24.20254293999554	25.74169083203212	26.053981708677227	24.001784519295118	0.0
47.0	23.544018058690742	25.462753950338602	25.665914221218962	25.32731376975169	0.0
48.0	23.701670098375658	26.355525051475638	25.53191489361702	24.410889956531687	0.0
49.0	24.28174235403151	26.436515291936978	25.486561631139942	23.795180722891565	0.0
50.0	24.578256794751642	25.726335520149952	24.531396438612934	25.164011246485472	0.0
51.0	22.55228136882129	26.63973384030418	24.69106463878327	26.116920152091254	0.0
52.0	22.660572528265575	25.93216261727207	26.124609093095984	25.282655761366367	0.0
53.0	23.363348746653685	25.529325870041376	27.79265027987345	23.314675103431494	0.0
54.0	24.354243542435423	27.478474784747846	23.591635916359163	24.575645756457565	0.0
55.0	24.45273631840796	26.268656716417908	25.422885572139304	23.855721393034827	0.0
56.0	23.959646910466585	26.431273644388398	24.968474148802017	24.640605296343	0.0
57.0	22.810590631364562	27.469450101832994	24.923625254582486	24.79633401221996	0.0
58.0	24.0258064516129	25.987096774193546	26.21935483870968	23.767741935483873	0.0
59.0	24.01792776166623	26.46981281307672	25.54706037437385	23.965199050883207	0.0
60.0	25.87101556708673	24.166048925129726	24.68495181616012	25.277983691623422	0.0
61.0	24.61890243902439	24.3140243902439	23.932926829268293	27.134146341463417	0.0
62.0	24.783634933123526	24.547600314712824	25.885129819040127	24.783634933123526	0.0
63.0	26.277372262773724	22.952149229521492	24.330900243309003	26.43957826439578	0.0
64.0	27.661357921207042	23.63788767812238	24.727577535624476	23.973176865046103	0.0
65.0	23.34494773519164	26.82926829268293	26.82926829268293	22.99651567944251	0.0
66.0	25.36231884057971	26.721014492753625	23.46014492753623	24.456521739130434	0.0
67.0	29.47269303201507	23.91713747645951	23.258003766478343	23.35216572504708	0.0
68.0	30.323846908734055	21.00098135426889	22.374877330716387	26.300294406280667	0.0
69.0	26.680244399185337	25.76374745417515	21.792260692464357	25.76374745417515	0.0
70.0	27.263045793397232	25.452609158679447	21.72523961661342	25.559105431309902	0.0
71.0	23.48993288590604	24.161073825503358	25.05592841163311	27.293064876957494	0.0
72.0	24.037339556592766	26.371061843640607	21.820303383897315	27.771295215869312	0.0
73.0	26.73992673992674	24.175824175824175	20.024420024420024	29.059829059829063	0.0
74.0	28.793774319066145	23.216601815823605	22.30869001297017	25.680933852140075	0.0
75.0	27.628032345013477	26.68463611859838	22.10242587601078	23.58490566037736	0.0
76.0	27.698863636363637	21.448863636363637	23.295454545454543	27.556818181818183	0.0
77.0	25.954198473282442	24.427480916030532	20.15267175572519	29.465648854961835	0.0
78.0	26.688102893890676	24.59807073954984	21.864951768488748	26.848874598070736	0.0
79.0	27.946127946127948	25.420875420875422	21.38047138047138	25.252525252525253	0.0
80.0	22.59194395796848	25.39404553415061	26.26970227670753	25.74430823117338	0.0
81.0	24.25925925925926	23.333333333333332	23.51851851851852	28.888888888888886	0.0
82.0	26.692456479690524	23.21083172147002	21.470019342359766	28.62669245647969	0.0
83.0	25.254582484725052	25.254582484725052	24.236252545824847	25.254582484725052	0.0
84.0	23.554603854389722	25.053533190578158	26.76659528907923	24.62526766595289	0.0
85.0	23.11111111111111	20.22222222222222	25.77777777777778	30.88888888888889	0.0
86.0	28.27102803738318	21.72897196261682	24.065420560747665	25.934579439252335	0.0
87.0	24.69437652811736	21.026894865525673	23.4718826405868	30.80684596577017	0.0
88.0	22.894736842105264	22.36842105263158	24.47368421052632	30.263157894736842	0.0
89.0	21.008403361344538	21.84873949579832	29.13165266106443	28.011204481792717	0.0
90.0	23.809523809523807	24.107142857142858	25.595238095238095	26.488095238095237	0.0
91.0	27.974276527331188	18.327974276527332	24.115755627009648	29.581993569131832	0.0
92.0	27.45762711864407	25.08474576271186	22.372881355932204	25.08474576271186	0.0
93.0	22.10144927536232	27.536231884057973	25.36231884057971	25.0	0.0
94.0	16.666666666666664	25.1937984496124	26.744186046511626	31.3953488372093	0.0
95.0	28.333333333333332	27.916666666666668	22.916666666666664	20.833333333333336	0.0
96.0	26.666666666666668	31.11111111111111	18.666666666666668	23.555555555555554	0.0
97.0	27.61904761904762	30.0	22.380952380952383	20.0	0.0
98.0	24.36548223350254	24.36548223350254	23.3502538071066	27.918781725888326	0.0
99.0	26.589595375722542	23.699421965317917	17.91907514450867	31.79190751445087	0.0
100.0	32.450331125827816	19.205298013245034	20.52980132450331	27.81456953642384	0.0
101.0	24.637681159420293	14.492753623188406	28.985507246376812	31.88405797101449	0.0
102.0	21.311475409836063	30.327868852459016	17.21311475409836	31.147540983606557	0.0
103.0	20.588235294117645	24.509803921568626	29.411764705882355	25.49019607843137	0.0
104.0	23.863636363636363	22.727272727272727	27.27272727272727	26.136363636363637	0.0
105.0	20.588235294117645	20.588235294117645	30.88235294117647	27.941176470588236	0.0
106.0	34.0	16.0	24.0	26.0	0.0
107.0	28.57142857142857	33.33333333333333	28.57142857142857	9.523809523809524	0.0
108.0	18.181818181818183	27.27272727272727	36.36363636363637	18.181818181818183	0.0
