# Position (bp)	A	C	G	T	N
0.0	32.298752196044866	16.919681066714716	13.408261633406909	37.3733051038335	0.0
1.0	29.19660352710647	17.32696682357711	18.477893646253293	34.97826527624496	0.020270726818171582
2.0	30.61330210139868	20.052253429131287	20.038739611252506	29.295704858217526	0.0
3.0	29.894817450843487	21.387869096150812	19.685128043424402	29.032185409581295	0.0
4.0	28.705601477510754	21.061285164080275	20.279736030090767	29.953377328318204	0.0
5.0	27.692065136602174	20.610824568120904	21.561296425595174	30.135813869681748	0.0
6.0	29.147052861550936	20.957679227009617	19.678371134485012	30.21689677695444	0.0
7.0	31.234937723822608	18.696367035293587	19.50043919908106	30.568256041802744	0.0
8.0	30.953399851348003	19.173855267010516	20.097299488727224	29.77319308993446	0.002252302979796842
9.0	30.854298520236945	19.527466834838624	18.91484042433388	30.703394220590553	0.0
10.0	30.568256041802744	19.439627018626545	19.045473997162098	30.946642942408616	0.0
11.0	30.516453073267414	19.198630599788284	20.272979121151376	30.011937205792922	0.0
12.0	30.65834816099462	19.70089416428298	18.88781278857632	30.752944886146082	0.0
13.0	30.4556408928129	19.167098358071126	19.55899907655578	30.818261672560194	0.0
14.0	30.129056960742357	19.32475956665691	20.07027185296966	30.475911619631074	0.0
15.0	30.334016531903874	19.860807675848555	18.86528975877835	30.93988603346922	0.0
16.0	30.588526768620916	19.354039505394265	19.311245748778123	30.746187977206695	0.0
17.0	30.505191558368434	19.38782405009122	19.851798463929367	30.255185927610984	0.0
18.0	30.730421856348116	19.917115250343475	18.781954548525867	30.57050834478254	0.0
19.0	31.057005788418657	19.176107569990315	19.07925854185905	30.687628099731977	0.0
20.0	30.088515507106017	19.36980562625284	20.387846573121017	30.15383229352012	0.0
21.0	30.210139868015045	20.270726818171582	18.57474267438456	30.944390639428814	0.0
22.0	30.581769859681522	19.531971440798216	19.252685871303406	30.633572828216852	0.0
23.0	30.786729430843035	19.239172053424628	20.176130093020113	29.797968422712223	0.0
24.0	30.70114191761076	19.72116489110115	18.9035789094349	30.674114281853193	0.0
25.0	30.743935674226897	19.248181265343813	19.031960179283317	30.975922881145973	0.0
26.0	30.793486339782426	19.622063559990092	20.09279488276763	29.49165521745985	0.0
27.0	30.91961530665105	19.777472465596073	18.610779522061307	30.69213270569157	0.0
28.0	30.84078470235816	19.004932543525754	19.484673078222485	30.6696096758936	0.0
29.0	30.40383792427757	19.320254960697312	20.07928106488885	30.196626050136267	0.0
30.0	30.406681686807307	19.701417810245555	18.504358116565395	31.38754238638174	0.0
31.0	30.901762063802835	19.01416561096395	18.781527121962455	31.30254520327076	0.0
32.0	30.346760070052543	19.315820198482196	19.675423234092236	30.66199649737303	0.0
33.0	30.550680643172225	19.71493620452497	18.507802494901103	31.226580657401698	0.0
34.0	30.78796941704252	18.952750777839416	19.020284122428304	31.238995682689758	0.0
35.0	31.074433020121024	18.886210458995425	19.62660500811728	30.412751512766274	0.0
36.0	30.848850905992332	19.445627929124583	18.357935891331046	31.347585273552042	0.0
37.0	31.341563364409385	18.766007581190454	18.443294744390943	31.44913431000922	0.0
38.0	30.407507122879473	19.084089186292704	19.335023655801553	31.17338003502627	0.0
39.0	30.67115708443589	19.244647582391146	18.354582631705558	31.729612701467403	0.0
40.0	30.606110291304585	19.12335355522763	18.702519538722196	31.568016614745588	0.0
41.0	30.245239227090963	19.034702608987445	19.18850144011633	31.531556723805267	0.0
42.0	30.37931231763831	19.403283940728873	18.522226672006408	31.695177069626407	0.0
43.0	30.69391105508487	19.00266776113277	18.61276421095834	31.690656972824016	0.0
44.0	30.060667948101877	19.458793849111004	19.24855838539164	31.231979817395484	0.0
45.0	30.790795107975725	19.481839746156925	18.22494685930809	31.50241828655926	0.0
46.0	30.673332489558288	19.067206682698394	18.624224781673206	31.63523604607012	0.0
47.0	30.9072004159085	19.01481674031713	19.086301013776968	30.991681829997404	0.0
48.0	30.879557052800106	19.56238951335846	17.958040092058305	31.60001334178313	0.0
49.0	31.298652309591578	18.809368677343027	18.387572442646	31.5044065704194	0.0
50.0	30.628087508821455	19.146083274523644	19.015525758645026	31.210303458009882	0.0
51.0	30.34925005434389	19.36453880153612	17.91536845156148	32.37084269255851	0.0
52.0	29.93095726814704	19.60067176712073	18.4549356223176	32.01343534241463	0.0
53.0	30.06342494714588	18.94291754756871	19.55025946569287	31.44339803959254	0.0
54.0	30.792598729632697	19.564445496508462	18.088925711129523	31.554030062729314	0.0
55.0	30.203982318828825	19.360071373535018	18.423293726428486	32.012652581207675	0.0
56.0	30.960631236170833	19.1416524026218	18.678244896255165	31.219471464952196	0.0
57.0	30.93478821204571	19.314374087120886	18.30913308703497	31.44170461379844	0.0
58.0	31.30227001194743	18.974290897827338	18.41231912916501	31.311119961060225	0.0
59.0	30.87352846869131	19.3852778159498	19.151665063441893	30.589528651916996	0.0
60.0	31.249579888418367	19.278080258116557	17.201048598507764	32.27129125495732	0.0
61.0	30.389337074710625	19.172220273588213	18.176078568923185	32.26236408277797	0.0
62.0	30.97461336445871	18.419900787861103	18.726291216807702	31.879194630872483	0.0
63.0	31.186954872961696	19.24914675767918	16.981418278346606	32.58248009101251	0.0
64.0	30.77408664089008	18.432888818748523	17.722717588574135	33.070306951787266	0.0
65.0	31.13831899404368	18.737590999338185	18.77068166776969	31.353408338848443	0.0
66.0	32.186689714779604	18.694900605012965	16.802074330164217	32.31633535004321	0.0
67.0	31.620303468208093	18.226156069364162	17.702312138728324	32.451228323699425	0.0
68.0	31.10963707002748	18.752961243248365	18.459205913010518	31.678195773713636	0.0
69.0	31.429140127388532	18.560907643312103	17.505971337579616	32.50398089171975	0.0
70.0	30.932999373825925	18.566061365059486	18.586933834272596	31.914005426841996	0.0
71.0	30.84571678321678	18.71722027972028	18.33479020979021	32.10227272727273	0.0
72.0	31.114942528735632	18.413793103448274	17.379310344827587	33.09195402298851	0.0
73.0	30.58623619371283	18.412428692802525	17.52639883481005	33.47493627867459	0.0
74.0	29.978174348440106	19.48902298112723	18.16664526896906	32.3661574014636	0.0
75.0	31.18308713917875	18.60685729773682	17.102588426616073	33.10746713646836	0.0
76.0	30.575436587460636	17.77841397079874	17.792728313770397	33.85342112797022	0.0
77.0	31.61144578313253	18.313253012048193	19.216867469879517	30.858433734939762	0.0
78.0	32.037597578461046	18.36864744304604	17.619882109287875	31.97387286920503	0.0
79.0	30.26183282980866	18.37865055387714	17.807989258140317	33.551527358173885	0.0
80.0	31.30511463844797	18.78306878306878	18.853615520282187	31.058201058201057	0.0
81.0	30.79371022089105	18.775739423436917	17.690003743916137	32.740546611755896	0.0
82.0	30.770762796255724	19.219279028082056	17.287392949611633	32.722565226050584	0.0
83.0	32.160271358914564	17.51112995548018	17.892728429086283	32.435870256518974	0.0
84.0	30.550541516245488	18.388989169675092	17.012635379061372	34.047833935018055	0.0
85.0	31.20038489295165	19.292759201347128	17.632908347365888	31.873947558335335	0.0
86.0	31.847296951063285	18.396105559825777	18.370484242890083	31.386113246220855	0.0
87.0	30.737704918032787	18.060109289617486	17.923497267759565	33.278688524590166	0.0
88.0	32.27682465833091	17.67955801104972	16.807211398662403	33.236405931956966	0.0
89.0	30.71184333229717	18.775256450108795	17.84271059993783	32.670189617656206	0.0
90.0	32.144048016005335	18.606202067355785	17.139046348782927	32.11070356785595	0.0
91.0	32.306590257879655	18.553008595988537	18.26647564469914	30.873925501432666	0.0
92.0	30.305403288958498	20.28191072826938	17.69772905246672	31.714956930305405	0.0
93.0	31.691919191919194	17.887205387205388	17.424242424242426	32.996632996633	0.0
94.0	32.113067655236335	17.145505097312327	18.582020389249305	32.15940685820204	0.0
95.0	31.037974683544306	18.177215189873415	18.734177215189874	32.050632911392405	0.0
96.0	31.555555555555554	18.666666666666668	15.88888888888889	33.88888888888889	0.0
97.0	31.057401812688823	17.099697885196374	17.16012084592145	34.68277945619335	0.0
98.0	30.402684563758392	18.25503355704698	18.053691275167786	33.288590604026844	0.0
99.0	32.588597842835135	18.412942989214176	14.637904468412943	34.36055469953775	0.0
100.0	32.631578947368425	17.280701754385966	17.45614035087719	32.631578947368425	0.0
101.0	27.335984095427435	15.904572564612327	21.968190854870777	34.791252485089466	0.0
102.0	30.17142857142857	20.228571428571428	15.085714285714285	34.51428571428571	0.0
103.0	30.982019363762102	17.42738589211618	16.59751037344398	34.99308437067773	0.0
104.0	33.88429752066116	17.85123966942149	15.041322314049587	33.22314049586777	0.0
105.0	34.82905982905983	15.384615384615385	16.23931623931624	33.547008547008545	0.0
106.0	31.142857142857146	17.142857142857142	15.142857142857144	36.57142857142857	0.0
107.0	28.971962616822427	16.355140186915886	17.289719626168225	37.38317757009346	0.0
108.0	23.58490566037736	14.150943396226415	11.320754716981133	50.943396226415096	0.0
